"path","size_bytes","sha256","language"
"backend/services/order-service/.env","402","9ef8425c7f8a9e8bd083cd4f324e6dc249306aca4fd2b34b7e3afa0d73ac1696","env"
"backend/services/order-service/.env.example","199","191f98c2016ab91195fd5cf375cc2f9c07b78b278019674211adcd0a9a793038","example"
"backend/services/order-service/package-lock.json","112872","bcfe2f84796b256931a884abaa359709a5837a74442f73567ea048d59380bef9","json"
"backend/services/order-service/package.json","756","9ca457e1432b7cbf6d396a9ab87e83aa1e14cd83d7d62ca80b4b6e754d458b15","json"
"backend/services/order-service/tsconfig.json","608","faf9a982efd116ee29d43fd4bba68ee3a04d1a8ed095a56d860e0de2d602c420","json"
"backend/services/order-service/node_modules/.package-lock.json","99639","d73cf5bba2b7bf5660f0b5109be48cae2cf62ac4e4c34c84e42405a983a79a1e","json"
"backend/services/order-service/node_modules/.bin/acorn","379","172abb5575ef74185417e36d1df7384fb27720826054f7337bdf26efc2649526","unknown"
"backend/services/order-service/node_modules/.bin/acorn.cmd","320","6d3aecbaf5fc581a03b5d6d0358566cfb3be6babda6e0cd72a1b7b9d6c8ee21f","cmd"
"backend/services/order-service/node_modules/.bin/acorn.ps1","785","264bfc66f8543c5adafaa0e1b01dcc93f94b9480377131c0127c541f53f865f2","ps1"
"backend/services/order-service/node_modules/.bin/esbuild","387","020b954fd13a2c5ee8aabd5a73e24c10a4750099ed5e02f07dc7265c6758a054","unknown"
"backend/services/order-service/node_modules/.bin/esbuild.cmd","324","b00afc3761267058834ab0968f58748f0422efe0eb0321540544770cafbf7a69","cmd"
"backend/services/order-service/node_modules/.bin/esbuild.ps1","801","9a24efc13fb6ef9def6c5aaf7787e7203d0982e2ab8627b64a41eb033945b7f5","ps1"
"backend/services/order-service/node_modules/.bin/eslint","389","bef8aadf5439c79a20f7029a50e8b70d15af61cb8c2e11cda7f40834da7978b1","unknown"
"backend/services/order-service/node_modules/.bin/eslint.cmd","325","05ba59b595c84f8e07905cf482c81ece42280307b4e4cefa81c049a4dad750ba","cmd"
"backend/services/order-service/node_modules/.bin/eslint.ps1","805","ba7239d9d7870f8076123193edfb016968b55410cbd3fa3ff929d057ee5cccae","ps1"
"backend/services/order-service/node_modules/.bin/js-yaml","393","c46b44b3bd9b2331fe4f659e672d453b88bcb3e04b4a214d19f91de0b3891b3e","unknown"
"backend/services/order-service/node_modules/.bin/js-yaml.cmd","327","6189e86d86dd0fe97fbe0ce650d65f2eec04ab6ccc3e5efbce89acc9741049e4","cmd"
"backend/services/order-service/node_modules/.bin/js-yaml.ps1","813","d5a6132c4b32e855a2c1f239b2d69b389320cbd10f890ee5069fe5f550e52882","ps1"
"backend/services/order-service/node_modules/.bin/mime","371","394b93eaaac25f18a20d7cdd80920ecca1fe43c8e5b37501389e644944c6e01f","unknown"
"backend/services/order-service/node_modules/.bin/mime.cmd","316","cd5ca2f059e780c0a4b1aa9cdd6edc7dc10413d30bf51ad537adbd428e5e7a16","cmd"
"backend/services/order-service/node_modules/.bin/mime.ps1","769","a43d8b7d57dbbb21f2f98c331970d011177fa1c6be327aa0dbb84c1ad01e9201","ps1"
"backend/services/order-service/node_modules/.bin/node-which","389","ae614137ec19cd41eab2f7a85cc508e6a19042b0dda0a2815c07e5fb43a6e059","unknown"
"backend/services/order-service/node_modules/.bin/node-which.cmd","325","818856453703b9e61de47223e7505ad77cb4f40f456e348dae2ca9cd501abad0","cmd"
"backend/services/order-service/node_modules/.bin/node-which.ps1","805","d293014f7b06fffc145f94cd02bd82b53c2dbbc3eba99ff62dedf882adcc1711","ps1"
"backend/services/order-service/node_modules/.bin/prisma","391","f6cbc8f4490892628ef4b934f98e7d5ebada02614d95f405b9fd70839344d725","unknown"
"backend/services/order-service/node_modules/.bin/prisma.cmd","326","318295660573ab116b8d6ca312c716ddbe4d3544c6ea7928ccd3871d0933e600","cmd"
"backend/services/order-service/node_modules/.bin/prisma.ps1","809","5ffc348e8583f2192ce4491b65390d389476e55aa4c71f092ec5d756af8aabfc","ps1"
"backend/services/order-service/node_modules/.bin/rimraf","375","ddbc9bc119accf11fd206b533176b6b8f0dec3a0d5a5e85c8eaeb9fbe56e0b95","unknown"
"backend/services/order-service/node_modules/.bin/rimraf.cmd","318","bb7927899fad6f6e313cfa4dab3edaaf59a95fdfce4d2134c2f29dbe11e4186b","cmd"
"backend/services/order-service/node_modules/.bin/rimraf.ps1","777","514979cd146ad41d9017e98b4b633d08130c9dad37b40654fed9a093df5bca04","ps1"
"backend/services/order-service/node_modules/.bin/tsc","385","cc893489bc80c0c8bd137c0aa62ece3cf36253cba79fdd4c038dbe735edf9e7c","unknown"
"backend/services/order-service/node_modules/.bin/tsc.cmd","323","54c7c33889f405746bfaba0fda5e725d4a88b77a708d41806408b4662f88d509","cmd"
"backend/services/order-service/node_modules/.bin/tsc.ps1","797","9c5b1f7fbbf203efc30622746ea3760b2b438aaf1315d483a9d41b702bba3e7b","ps1"
"backend/services/order-service/node_modules/.bin/tsserver","395","f80d3acdc6b3b3faa690b11a2a651d19d006638c2c0398cd4dba0549ae83aa09","unknown"
"backend/services/order-service/node_modules/.bin/tsserver.cmd","328","e4af3fbb25f8cb566fcf0f795f3541370d6616b52c1f76d9856f03f6f930d62a","cmd"
"backend/services/order-service/node_modules/.bin/tsserver.ps1","817","93b94ebfb5e8a4e9e17915160ef87c798912a058279b7f0f006baed343be706b","ps1"
"backend/services/order-service/node_modules/.bin/tsx","381","ccf543c56fffe704c66222818bfc4e6bfe7330fa980d5d15c7f7d9db15cd2353","unknown"
"backend/services/order-service/node_modules/.bin/tsx.cmd","321","8d5a61df13caacc23abd35ad8923ef3dcb2c87807560d7b8e4b010fd7f82304d","cmd"
"backend/services/order-service/node_modules/.bin/tsx.ps1","789","85aaf92de64a002d8a8f77fe775fbbceca3f731103ad52e8b13a241f8c6964d7","ps1"
"backend/services/order-service/node_modules/.bin/uuid","385","8c3bcbb74002da5bb26127c77dd4c5b85a7c34e3bb2fa64f1fe4aad5b4a15755","unknown"
"backend/services/order-service/node_modules/.bin/uuid.cmd","323","57d0e01d4703edd482e71e0b6c7cee1a0fec76120256897c4f6f90f035dd61de","cmd"
"backend/services/order-service/node_modules/.bin/uuid.ps1","797","52f763050d9f6c57106f065f8d46fc09fe606657e16e0821679ca27bb448186b","ps1"
"backend/services/order-service/node_modules/.cache/prisma/master/605197351a3c8bdd595af2d2a9bc3025bca48ea2/windows/libquery-engine","19261952","7d58cada77c5833e57d2ab4ad61ea2948247b2caa8575066b2fe3bc7e4ea4e5a","unknown"
"backend/services/order-service/node_modules/.cache/prisma/master/605197351a3c8bdd595af2d2a9bc3025bca48ea2/windows/libquery-engine.gz.sha256","64","b9ad7ce3c4f6124e5dc77bfb6f44775a46c6189983d5d2db9772768b9efc9259","sha256"
"backend/services/order-service/node_modules/.cache/prisma/master/605197351a3c8bdd595af2d2a9bc3025bca48ea2/windows/libquery-engine.sha256","64","990aab87524beef266e26317fc4243b0d5d4cdd3fe904fd9f84e4e0c81e432a1","sha256"
"backend/services/order-service/node_modules/.cache/prisma/master/605197351a3c8bdd595af2d2a9bc3025bca48ea2/windows/schema-engine","18145792","a7d949e16cc5937aa77d67888c8993118ef16c764e536e9ed7c17cfe61bb65ad","unknown"
"backend/services/order-service/node_modules/.cache/prisma/master/605197351a3c8bdd595af2d2a9bc3025bca48ea2/windows/schema-engine.gz.sha256","64","d8a637aec1cf7bda31522ed2487e0c34aba6a08ecc8969bb86ef36dd802783ab","sha256"
"backend/services/order-service/node_modules/.cache/prisma/master/605197351a3c8bdd595af2d2a9bc3025bca48ea2/windows/schema-engine.sha256","64","de796a9b76a64d1036038ee272f9bc6aa4d08989c227d55b80429bbfe7e05780","sha256"
"backend/services/order-service/node_modules/.prisma/client/default.d.ts","3989","71df692065d79c5b044002f8a68eba33e934859859094bab2f334f64a467f428","ts"
"backend/services/order-service/node_modules/.prisma/client/default.js","2078","8ddaed338be85a42d43f41a14079be84b6b5c3e6efb5a505137d9f96c652c508","js"
"backend/services/order-service/node_modules/.prisma/client/edge.d.ts","3989","71df692065d79c5b044002f8a68eba33e934859859094bab2f334f64a467f428","ts"
"backend/services/order-service/node_modules/.prisma/client/edge.js","2078","8ddaed338be85a42d43f41a14079be84b6b5c3e6efb5a505137d9f96c652c508","js"
"backend/services/order-service/node_modules/.prisma/client/index-browser.js","2078","8ddaed338be85a42d43f41a14079be84b6b5c3e6efb5a505137d9f96c652c508","js"
"backend/services/order-service/node_modules/.prisma/client/index.d.ts","3989","71df692065d79c5b044002f8a68eba33e934859859094bab2f334f64a467f428","ts"
"backend/services/order-service/node_modules/.prisma/client/index.js","2078","8ddaed338be85a42d43f41a14079be84b6b5c3e6efb5a505137d9f96c652c508","js"
"backend/services/order-service/node_modules/.prisma/client/wasm.d.ts","3989","71df692065d79c5b044002f8a68eba33e934859859094bab2f334f64a467f428","ts"
"backend/services/order-service/node_modules/.prisma/client/wasm.js","2078","8ddaed338be85a42d43f41a14079be84b6b5c3e6efb5a505137d9f96c652c508","js"
"backend/services/order-service/node_modules/.prisma/client/deno/edge.d.ts","212","2c477a207046eb53c996f4a7eed2ae894cb021393d58cc5c0310456ce21a6c47","ts"
"backend/services/order-service/node_modules/@colors/colors/index.d.ts","4198","dfe8a70ca219c0867845b95da9a02ef554e2090149a36f9d6fda1e76731adeb3","ts"
"backend/services/order-service/node_modules/@colors/colors/LICENSE","1235","58597ded729a5e749cc323e2ae6e533a31be3622737b33e0239ba075ca14b515","unknown"
"backend/services/order-service/node_modules/@colors/colors/package.json","1059","af67d5bc4fac331176780d7da47802a48d9bca01596d571685351b4a03a6b9c1","json"
"backend/services/order-service/node_modules/@colors/colors/README.md","4484","465eeff5382e8fa0cbef066c84b907d6e12bf9e5c6bff8d7a385d525fb9bed6d","md"
"backend/services/order-service/node_modules/@colors/colors/safe.d.ts","2640","6e0596a5920dceb880aca5a7733f917a28171f165cd6aeec76bfe67c0332df80","ts"
"backend/services/order-service/node_modules/@colors/colors/safe.js","248","672cc883942925ce2e36076ccaf2d3caf7deb7c50ffe65601b40de54281cd1c9","js"
"backend/services/order-service/node_modules/@colors/colors/examples/normal-usage.js","2004","8ebc54e2c345bf1a6084f51aad90035e4e066f9c46fdcc757fd84430602f3fa1","js"
"backend/services/order-service/node_modules/@colors/colors/examples/safe-string.js","2119","1b991d66781acf3ae02a7cd9ef7e4cd13270a0cda1a57146bc2dae2216036c01","js"
"backend/services/order-service/node_modules/@colors/colors/lib/colors.js","5868","e0aa28d1cfe746e50b36eadd8b73f7077df3003e07c4f7b3cc5c40e45c597031","js"
"backend/services/order-service/node_modules/@colors/colors/lib/extendStringPrototype.js","3295","da39555a80daacf5bf56db9228cc5268a5ef2d209706aa8a7fb0c618902037ea","js"
"backend/services/order-service/node_modules/@colors/colors/lib/index.js","378","0d6cc0473f15530165712354c83e798cfedab5753310f598c8ff79f139fc404e","js"
"backend/services/order-service/node_modules/@colors/colors/lib/styles.js","2513","d469bf3213acd43f72be593acdacf925f248893e015f13c12a4a365a2076ecf2","js"
"backend/services/order-service/node_modules/@colors/colors/lib/custom/trap.js","1677","eac886df893bfa10e30e28228350d5a89126a4ba773a3d0e2d74d7b56029751d","js"
"backend/services/order-service/node_modules/@colors/colors/lib/custom/zalgo.js","2890","124463a7437210cd07269461255ecd45ce8af1ac48c8508857cb07514fa42c03","js"
"backend/services/order-service/node_modules/@colors/colors/lib/maps/america.js","278","a8747ed6f9fde27c23d8374a87fa6a80898c72c9be80959b405382624c07ffb4","js"
"backend/services/order-service/node_modules/@colors/colors/lib/maps/rainbow.js","311","85641874e0c1b9304099169479bf89b29b46c7e042c16cacef9b5e4c5f8b9e7f","js"
"backend/services/order-service/node_modules/@colors/colors/lib/maps/random.js","454","a0461e6327c356e9815e4273c9972ef63c77535e9dda29d7f5a8cf4b1b896ace","js"
"backend/services/order-service/node_modules/@colors/colors/lib/maps/zebra.js","146","07f31c776e6fed5a0660dbd6d1848c5c0944f0a1e53e4a7813da0b23286750ca","js"
"backend/services/order-service/node_modules/@colors/colors/lib/system/has-flag.js","1421","c2b82f82dbbd15bebed4449975e48b4077562269d44c31c6c238d728b9765b5d","js"
"backend/services/order-service/node_modules/@colors/colors/lib/system/supports-colors.js","4049","8ed006395e84e32cf3ad027c789817360d3553e66cc01a63d66e0dfea9f42a00","js"
"backend/services/order-service/node_modules/@colors/colors/themes/generic-logging.js","199","20a79c0ecf57fe4736d6f04f808a772a64a3700c1db9dad4ccb37269eb761223","js"
"backend/services/order-service/node_modules/@dabh/diagnostics/CHANGELOG.md","900","d8808b4a0c49b612756e330f76fee57d3189401eca2e50675ffb158b8cc251c9","md"
"backend/services/order-service/node_modules/@dabh/diagnostics/diagnostics.js","4518","a59302b864908e6bcac7fd074491b0d7cbf482abf55117f8824e7acf1d34e325","js"
"backend/services/order-service/node_modules/@dabh/diagnostics/LICENSE","1119","77cc8fe282841077c532a9d92bda47add7bd0e1f5f4d7e91a9f91bff69faa86a","unknown"
"backend/services/order-service/node_modules/@dabh/diagnostics/package.json","2156","407f69c7a7f98cd50fb9fab358706493c5c07e6c56cb90cc0825fef280e04ab6","json"
"backend/services/order-service/node_modules/@dabh/diagnostics/README.md","14165","f3eb9b0329a380b41f5a598c38fe321e8e336050850aec0fadef68ead64c0fbc","md"
"backend/services/order-service/node_modules/@dabh/diagnostics/adapters/hash.js","231","c5ad35e9c22a5221cc41eb3b44f59b2914df3c7f6cb5824527eea08ebc236c63","js"
"backend/services/order-service/node_modules/@dabh/diagnostics/adapters/index.js","401","e8d6b44169442c62d6c2eb8ccfcf949b6c266848bc4cd8b8c165f8fc7b6aaaec","js"
"backend/services/order-service/node_modules/@dabh/diagnostics/adapters/localstorage.js","242","eaca48f65d55e4b2c12b5614fe7fbb71be1352d47d7b2891fb84d6821764bbc7","js"
"backend/services/order-service/node_modules/@dabh/diagnostics/adapters/process.env.js","221","793a95072a46f27fe111aaf610696dca7a7d0a5a3584ae0dd7fe1837b9f18571","js"
"backend/services/order-service/node_modules/@dabh/diagnostics/browser/development.js","872","6185f08e16a0b0d9c8cc9c576e45f5b1e318391a5882cb257e3b98905848d8a1","js"
"backend/services/order-service/node_modules/@dabh/diagnostics/browser/index.js","223","3003bbd2b2a46c89bda6f2fd3f48b383603b142fabc8cac95e360cf31eff13cc","js"
"backend/services/order-service/node_modules/@dabh/diagnostics/browser/override.js","135","bca62fe8069c575bdd808f2b6cac70faa8bab50682fbb4f6c97d4df1a394dcfc","js"
"backend/services/order-service/node_modules/@dabh/diagnostics/browser/production.js","578","e128d686c55283014a0fa49864b541bc0e957de130cc6037d4ff7c7f6c6b8045","js"
"backend/services/order-service/node_modules/@dabh/diagnostics/logger/console.js","744","b31cdfe09947b822a363926e747453b0f0ca85c9155efe3188628f90f2ca4c00","js"
"backend/services/order-service/node_modules/@dabh/diagnostics/modifiers/namespace-ansi.js","564","bf04f3dbc06e62ea50e3cfa6e63af49c547f0a401d1089de826babcea3b679c4","js"
"backend/services/order-service/node_modules/@dabh/diagnostics/modifiers/namespace.js","979","2aaeae5b49e07a06437cbff8e3a82f09fb5fbdc1343e2a9b5630746f7e23636a","js"
"backend/services/order-service/node_modules/@dabh/diagnostics/node/development.js","931","cfee74885c3d08caadda511261fdfbb8d448dc54e63e8f5cca62e3a8e974e94b","js"
"backend/services/order-service/node_modules/@dabh/diagnostics/node/index.js","223","3003bbd2b2a46c89bda6f2fd3f48b383603b142fabc8cac95e360cf31eff13cc","js"
"backend/services/order-service/node_modules/@dabh/diagnostics/node/override.js","432","9bf6928b6934d6a9b81142e3b9fd24d88bb38f5c9eba4a5dd07ca7a491d53908","js"
"backend/services/order-service/node_modules/@dabh/diagnostics/node/production.js","578","e128d686c55283014a0fa49864b541bc0e957de130cc6037d4ff7c7f6c6b8045","js"
"backend/services/order-service/node_modules/@esbuild/win32-x64/esbuild.exe","11375616","f0dd2091eaf58d11b96c64e0c4516f8ecf94486a28d2a8e7a968bd6770db3ffe","exe"
"backend/services/order-service/node_modules/@esbuild/win32-x64/package.json","374","fba0a44e5f43b9175c4e538d7c6a9791430aaa61756aa082c9ddbe0cf36fa69e","json"
"backend/services/order-service/node_modules/@esbuild/win32-x64/README.md","143","29cf512fa580b72392176bf694933ae0decaf18116fdeee917511b445411ce16","md"
"backend/services/order-service/node_modules/@eslint/eslintrc/LICENSE","1094","3b6be04f862a077a4b97929dbf247299360824d9365f8603c263769303ace18c","unknown"
"backend/services/order-service/node_modules/@eslint/eslintrc/package.json","2221","a62191e339a4a4bbd56c8b5b0d590c5210f91598ea961ef95267d96b9b6a2abe","json"
"backend/services/order-service/node_modules/@eslint/eslintrc/README.md","2992","b78c54a70e248b22a5b224e175c0fd1035e201c5d8559b29f6b394f84f00128f","md"
"backend/services/order-service/node_modules/@eslint/eslintrc/universal.js","561","fc096a2a6e36ea3f7f3181e58b41ad8982beb084e6912ffa5714caaa511bbd1e","js"
"backend/services/order-service/node_modules/@eslint/eslintrc/conf/config-schema.js","2228","dc58c939b611fab635130dc638480f61b27717fc4659f54748fe67a5e1096e84","js"
"backend/services/order-service/node_modules/@eslint/eslintrc/conf/environments.js","5015","607f412cee050b2bd3486163699b2fe832438e23454c1fd128fbe286ca2439c9","js"
"backend/services/order-service/node_modules/@eslint/eslintrc/dist/eslintrc-universal.cjs","34880","638a53c2a050e2075855b9b210619ca5cc32e59fd62fc6349db81f6b0dafeb2e","cjs"
"backend/services/order-service/node_modules/@eslint/eslintrc/dist/eslintrc-universal.cjs.map","62575","5ecbec1a6dea5ce32cec889ced501c0c8533f5f9b69bc68c8994c2ccd3f37e50","map"
"backend/services/order-service/node_modules/@eslint/eslintrc/dist/eslintrc.cjs","147719","9ca72bf094d2d1b8b46e6a0afa9c5356ff35070537b5c243f0352328fb745bb3","cjs"
"backend/services/order-service/node_modules/@eslint/eslintrc/dist/eslintrc.cjs.map","248730","d2c72a35a20b2dfd92bb72953e097cab9c0809639f56e04dde88a1d0234fbb59","map"
"backend/services/order-service/node_modules/@eslint/eslintrc/lib/cascading-config-array-factory.js","18904","89f858008031c515610fe2b2f8c76723498455d751ff643f3aa54f7fd7ea4657","js"
"backend/services/order-service/node_modules/@eslint/eslintrc/lib/config-array-factory.js","41292","e8b8b1310463871769697fa0b1d8e221def36d59e680c217c6ce57a91c97ffbe","js"
"backend/services/order-service/node_modules/@eslint/eslintrc/lib/flat-compat.js","11255","c2870fc7bd06e35cf28e698010cc5d35fc0b94e8fccb18e288bdd03ff58e8f07","js"
"backend/services/order-service/node_modules/@eslint/eslintrc/lib/index-universal.js","778","49540ae7f54e4f24a558fcf921f1c70dfd8c047ad8633b3a3dbd79448ca325ef","js"
"backend/services/order-service/node_modules/@eslint/eslintrc/lib/index.js","1720","c682078f1305062dd796cfa7f78e76206d5be69b5630846288051e7539e7b6d6","js"
"backend/services/order-service/node_modules/@eslint/eslintrc/lib/config-array/config-array.js","17289","7e3366a17b842c528b94e3b309c9cb70052a5cdb51838b7bdac8e41823798bef","js"
"backend/services/order-service/node_modules/@eslint/eslintrc/lib/config-array/config-dependency.js","3684","6e1558c0f20097d2b52cda428644a00c423f4a67cb70d3b13d340a9e91b3a9a2","js"
"backend/services/order-service/node_modules/@eslint/eslintrc/lib/config-array/extracted-config.js","4154","417ce9d333ab5c0f1325e1e98348023ec454ff88ae8c9ed1516ef53523d949bb","js"
"backend/services/order-service/node_modules/@eslint/eslintrc/lib/config-array/ignore-pattern.js","8303","29b5bf6cf235a3f58d7dfbeb4089c774abb7b0832cecf0c8750a39560aec83b8","js"
"backend/services/order-service/node_modules/@eslint/eslintrc/lib/config-array/index.js","543","1448c7c30b32fe107dacfbdadaca675855a487c28cee37525fa77ff055238bfd","js"
"backend/services/order-service/node_modules/@eslint/eslintrc/lib/config-array/override-tester.js","6877","dcb0beb172afb43a2c019eea2193c29f15edb98bf10ca77f1c3307f176c0a75a","js"
"backend/services/order-service/node_modules/@eslint/eslintrc/lib/shared/ajv.js","5310","454bdc8385ed9df01d5cafccc5cec3f6af317e3865a80374f028314a2d37dd3b","js"
"backend/services/order-service/node_modules/@eslint/eslintrc/lib/shared/config-ops.js","4712","e2e55104f3dc1d1a3a3daced1fb71310164bc00cfb48d1c896d09e53b59b4fbb","js"
"backend/services/order-service/node_modules/@eslint/eslintrc/lib/shared/config-validator.js","11919","efe4036785cd29c050e2fc4e3a20537642198cb6fa8035ffcb685b3105234382","js"
"backend/services/order-service/node_modules/@eslint/eslintrc/lib/shared/deprecation-warnings.js","2331","56cfb6216378f6eee535752ccc1a7affca311aa123556a4b1bc516625b5c8420","js"
"backend/services/order-service/node_modules/@eslint/eslintrc/lib/shared/naming.js","3117","035dc908e0a4565edc4d31ae8dd6ca31ef32ea945f2b96458e54c05a0fdc3460","js"
"backend/services/order-service/node_modules/@eslint/eslintrc/lib/shared/relative-module-resolver.js","1420","05d97494e505a8be2a8c34130f67cf05f954654cfd7dec6b49934af7073ecc68","js"
"backend/services/order-service/node_modules/@eslint/eslintrc/lib/shared/types.js","7123","875576c27e604c4fef9d84e1c8ef057c71569ce9e2a06dc09636a8f979487285","js"
"backend/services/order-service/node_modules/@eslint/js/LICENSE","1094","3b6be04f862a077a4b97929dbf247299360824d9365f8603c263769303ace18c","unknown"
"backend/services/order-service/node_modules/@eslint/js/package.json","640","4dce9803bcb2138776cb6f5fc886ac7bd0e2abbdeb31b9226cb998d7a038f7dd","json"
"backend/services/order-service/node_modules/@eslint/js/README.md","1479","eb84abb2409ff9fdef232d115f84346f184f674e4ec60050e3877c9baf8fba27","md"
"backend/services/order-service/node_modules/@eslint/js/src/index.js","428","6a29583cf9c8cb8e6f50f068b59fb68713e6c9e7b9b0bc97f81c315e531e7f80","js"
"backend/services/order-service/node_modules/@eslint/js/src/configs/eslint-all.js","7609","01870913565ce851b659466a9b6fc2d28bec35668733b081aa6ff180ff5dbe76","js"
"backend/services/order-service/node_modules/@eslint/js/src/configs/eslint-recommended.js","2645","f492beb65f4ea30b77916584cbd208aebb0e550cf655bfd1dd0b040618fe6934","js"
"backend/services/order-service/node_modules/@eslint-community/eslint-utils/index.d.mts","9832","c00b143e0bbd2b2b41747fc8c42490b616e067c1dbd25d33a99319ed0fff6aef","mts"
"backend/services/order-service/node_modules/@eslint-community/eslint-utils/index.d.ts","9832","c00b143e0bbd2b2b41747fc8c42490b616e067c1dbd25d33a99319ed0fff6aef","ts"
"backend/services/order-service/node_modules/@eslint-community/eslint-utils/index.js","88365","929df894db3d6b7bd58719bbe9fcc99cf4c4a2673283766c45e0abd42903bf7b","js"
"backend/services/order-service/node_modules/@eslint-community/eslint-utils/index.js.map","152486","34a46f65cee38c9b9bb8256b37e80f83d8b4c27879d834b96139d6fe071b62f5","map"
"backend/services/order-service/node_modules/@eslint-community/eslint-utils/index.mjs","87240","0d4e0db4c692d7227705d465d9a9cbf55f18ff8925ce6091f930bb1d45f8d43c","mjs"
"backend/services/order-service/node_modules/@eslint-community/eslint-utils/index.mjs.map","152426","82db34e9714bb3637fd0eac0ef3252a90724d0a3ac802ff3fbcc2ca36ed8bcf1","map"
"backend/services/order-service/node_modules/@eslint-community/eslint-utils/LICENSE","1071","fcf6eabf68ca96988a6b506b4fdc6cc32535d80eb2e11c79724af5ac6f50262b","unknown"
"backend/services/order-service/node_modules/@eslint-community/eslint-utils/package.json","3064","8bd084d739f6ad91bd4cbe7ff4ec39179da919037d6bc3d9a23897e584632bd9","json"
"backend/services/order-service/node_modules/@eslint-community/eslint-utils/README.md","1684","f6031d35a72fafcb0950c02c39481a666e27d80bd36d1a1ca8ebd26aad19264c","md"
"backend/services/order-service/node_modules/@eslint-community/regexpp/index.d.ts","37807","aca61784f6440624deb451957e49633daa8e8d6009625f8f30b9b56e67bda265","ts"
"backend/services/order-service/node_modules/@eslint-community/regexpp/index.js","109704","8f9526195a26cb0d47a48528e61f0083596d397092296a44fc1c1ac470aba336","js"
"backend/services/order-service/node_modules/@eslint-community/regexpp/index.js.map","103754","12faf4cad465f87c4df7b9648e6b7430ad52751997222b49b9949d37b46a33e1","map"
"backend/services/order-service/node_modules/@eslint-community/regexpp/index.mjs","109467","48785b8d5347601f1be180d0ff0ea1d87b51cb7886790c3caae8795f4339a1f3","mjs"
"backend/services/order-service/node_modules/@eslint-community/regexpp/index.mjs.map","103745","27596035d52e1777443855a42656917913823655a2a7b38aa46b47d9b28b6b30","map"
"backend/services/order-service/node_modules/@eslint-community/regexpp/LICENSE","1071","fcf6eabf68ca96988a6b506b4fdc6cc32535d80eb2e11c79724af5ac6f50262b","unknown"
"backend/services/order-service/node_modules/@eslint-community/regexpp/package.json","2783","63a3c5c082235b46ac213fe91d4b8869d16b0e90d8047f5fe50aefa2dd11d292","json"
"backend/services/order-service/node_modules/@eslint-community/regexpp/README.md","5663","711a373313841ec60eee6bebdf1a5a07a0e290cb25e3fdbbd16fb8165861283e","md"
"backend/services/order-service/node_modules/@humanwhocodes/config-array/api.js","31132","b3a25265a34ce3132278f9c24cd4f54536baef3a57a44545ffc87458f003726b","js"
"backend/services/order-service/node_modules/@humanwhocodes/config-array/LICENSE","11357","c71d239df91726fc519c6eb72d318ec65820627232b2f796219e87dcf35d0ab4","unknown"
"backend/services/order-service/node_modules/@humanwhocodes/config-array/package.json","1527","33a6612bdeb31d48565f9bcb1167564b5f09e7ba0ee9fe5ecce7d02c0fc854c1","json"
"backend/services/order-service/node_modules/@humanwhocodes/config-array/README.md","14365","64a7a111044efdcdbe2d788dc5d4ddbf2ad440142746feaa61c4d786eb235d8e","md"
"backend/services/order-service/node_modules/@humanwhocodes/module-importer/CHANGELOG.md","530","8cd3187c3cc753990b83073f3463144fb813ee52fc617731e4cd761815776b4a","md"
"backend/services/order-service/node_modules/@humanwhocodes/module-importer/LICENSE","11357","c71d239df91726fc519c6eb72d318ec65820627232b2f796219e87dcf35d0ab4","unknown"
"backend/services/order-service/node_modules/@humanwhocodes/module-importer/package.json","1490","8c22f2bce041e8f99fb983b622ed64efb8098e75d9b01e9cddc3254f5731045b","json"
"backend/services/order-service/node_modules/@humanwhocodes/module-importer/README.md","2092","842d8294b4ce3ed1549ebaa2c87326c2f0d0258eee5fe97a4d6117968c48507c","md"
"backend/services/order-service/node_modules/@humanwhocodes/module-importer/dist/module-importer.cjs","854","08cf677938905723b0ae3ce9f8f7e9c1c4ee164b63937527638c5b63d7dd286b","cjs"
"backend/services/order-service/node_modules/@humanwhocodes/module-importer/dist/module-importer.d.cts","910","e319eadb58f16c55ede3839e14835da7cf978c7993b51cc6866166e0aa2d7c09","cts"
"backend/services/order-service/node_modules/@humanwhocodes/module-importer/dist/module-importer.d.ts","83","39a295cd5a1b06368c951fe64de2a695406e891278ae011a07068439bb0b7993","ts"
"backend/services/order-service/node_modules/@humanwhocodes/module-importer/dist/module-importer.js","561","50e52412b4e341025fe999618d30a8f4c776f67ee9124f8287aa3f054d4eae67","js"
"backend/services/order-service/node_modules/@humanwhocodes/module-importer/src/module-importer.cjs","2567","2287cda3eb6734a66d1f350631e7e7ce8f8405908b4ea485b9a555a891e3803d","cjs"
"backend/services/order-service/node_modules/@humanwhocodes/module-importer/src/module-importer.js","733","cf6fec0ae3361b902b1f00db3abe4321a63c9206ab652a7a48e0f77476426cca","js"
"backend/services/order-service/node_modules/@humanwhocodes/object-schema/CHANGELOG.md","1516","f9ac488324e022a96a4cf10037992dcc28c6fa34e7392ea9fe34215cd8c2c0e7","md"
"backend/services/order-service/node_modules/@humanwhocodes/object-schema/LICENSE","1515","26f089652abacf7d32b21d716170db4f6f171d8a1753b453221dee0480933c80","unknown"
"backend/services/order-service/node_modules/@humanwhocodes/object-schema/package.json","801","bfaa7e2fa68c0d8c3fd53599fe22b13aa26cb1187282b1e51a266ea7861c81f0","json"
"backend/services/order-service/node_modules/@humanwhocodes/object-schema/README.md","5309","3abecc2ec2824a7730f6efb8762ce486d04c58bec2d9c8ff5ada4d792f5faf6a","md"
"backend/services/order-service/node_modules/@humanwhocodes/object-schema/src/index.js","264","7894344a44ad4e55aafc8cb292fb6cca6fe40314f6855b76ef32730f7204ffb5","js"
"backend/services/order-service/node_modules/@humanwhocodes/object-schema/src/merge-strategy.js","1534","593455b549bc5b274db26e1825dbaaa78d4b15e56be634a7a0496b1d404757dc","js"
"backend/services/order-service/node_modules/@humanwhocodes/object-schema/src/object-schema.js","9597","4111c375b6cc4987a60a2d6095fc02b1c9e55ff11eb198c633d7b8798f370b11","js"
"backend/services/order-service/node_modules/@humanwhocodes/object-schema/src/validation-strategy.js","2715","a0fbd1a85bf9c0b7a4e4c32733f95336afadb1372246ec3fb0b848c9dddae5f5","js"
"backend/services/order-service/node_modules/@nodelib/fs.scandir/LICENSE","1079","9363d160bf41d46d83901a5d24fc3fe2094c2afc17b4a2378914b273977ee2de","unknown"
"backend/services/order-service/node_modules/@nodelib/fs.scandir/package.json","1163","d2dd608ef7400bc51bfa744f658b6a32b679ac5c053ef6d21499b2b0db1ccaba","json"
"backend/services/order-service/node_modules/@nodelib/fs.scandir/README.md","4959","1fb8cfd1e8d2ed3aa552b74542e63c453b80371269b4d6216f8af96a9b5dc16b","md"
"backend/services/order-service/node_modules/@nodelib/fs.scandir/out/constants.d.ts","118","0cd5c348ae22ffa05f7470fd84456657df58621abf2a1473308c86d9b2de69ac","ts"
"backend/services/order-service/node_modules/@nodelib/fs.scandir/out/constants.js","990","aff8749c230a74d0334907472b971f7f62b1775b8e9a520324599a1e71c9c3f0","js"
"backend/services/order-service/node_modules/@nodelib/fs.scandir/out/index.d.ts","855","2f87ea988d84d1c617afdeba9d151435473ab24cd5fc456510c8db26d8bd1581","ts"
"backend/services/order-service/node_modules/@nodelib/fs.scandir/out/index.js","1009","7c1029d95a78da23d59c93b5104ba4e6f91c037d0803feaac9314aa9a3bd404b","js"
"backend/services/order-service/node_modules/@nodelib/fs.scandir/out/settings.d.ts","666","9a80e3322d08274f0e41b77923c91fe67b2c8a5134a5278c2cb60a330441554e","ts"
"backend/services/order-service/node_modules/@nodelib/fs.scandir/out/settings.js","1076","ffcf2817ce621641abc4d3ecf350dbe86d0443bb32811f1c6c0f61be2e8c106e","js"
"backend/services/order-service/node_modules/@nodelib/fs.scandir/out/adapters/fs.d.ts","878","d7a7cac49af2a3bfc208fe68831fbfa569864f74a7f31cc3a607f641e6c583fd","ts"
"backend/services/order-service/node_modules/@nodelib/fs.scandir/out/adapters/fs.js","640","9e5aa25d62ba9c654454bdc8c694a7a1cf8229cd5dd2dc2f97f3f40025a882c5","js"
"backend/services/order-service/node_modules/@nodelib/fs.scandir/out/providers/async.d.ts","524","2460af41191009298d931c592fb6d4151beea320f1f25b73605e2211e53e4e88","ts"
"backend/services/order-service/node_modules/@nodelib/fs.scandir/out/providers/async.js","3686","12268cf178785ce6fc7170e12593f3fa4831f61d82b71c55b75664b32403eec6","js"
"backend/services/order-service/node_modules/@nodelib/fs.scandir/out/providers/common.d.ts","91","a498011fd28d35acda4cd8d2ed019703bee64c4c55087493d3d41968d3699100","ts"
"backend/services/order-service/node_modules/@nodelib/fs.scandir/out/providers/common.js","419","7230a1152039713fe53b69e4a2dccde87a0704ed3a6545fb9f2bd809e97a1d9b","js"
"backend/services/order-service/node_modules/@nodelib/fs.scandir/out/providers/sync.d.ts","333","a165be8a985325425efed831bb0cb42f636898452e0e2b9451c6b2494a45b25d","ts"
"backend/services/order-service/node_modules/@nodelib/fs.scandir/out/providers/sync.js","1990","19642bbec8499717c896fa5ca9d58e12b40b54ff91da0d4d8f168141b681fa15","js"
"backend/services/order-service/node_modules/@nodelib/fs.scandir/out/types/index.d.ts","530","fce9262f840a74118112caf685b725e1cc86cd2b0927311511113d90d87cc61e","ts"
"backend/services/order-service/node_modules/@nodelib/fs.scandir/out/types/index.js","77","d43aa81f5bc89faa359e0f97c814ba25155591ff078fbb9bfd40f8c7c9683230","js"
"backend/services/order-service/node_modules/@nodelib/fs.scandir/out/utils/fs.d.ts","130","622501c7e711442dcbff214f7e83374766353bf9c94b2829c3d128bc7f05e2cf","ts"
"backend/services/order-service/node_modules/@nodelib/fs.scandir/out/utils/fs.js","756","10fcd66d19070a64fe2eb45a133047c574b045c5cabb860e04472e32341bb1ec","js"
"backend/services/order-service/node_modules/@nodelib/fs.scandir/out/utils/index.d.ts","43","e97471357bf034d1adb4cba25d795d892dbbdea3b003b23b2bbaf51f0ccd34f1","ts"
"backend/services/order-service/node_modules/@nodelib/fs.scandir/out/utils/index.js","143","4f83f86fbd0df815f8c6e8ae876ec085b055ed57ec78ed93326dd7a9411a51a5","js"
"backend/services/order-service/node_modules/@nodelib/fs.stat/LICENSE","1079","9363d160bf41d46d83901a5d24fc3fe2094c2afc17b4a2378914b273977ee2de","unknown"
"backend/services/order-service/node_modules/@nodelib/fs.stat/package.json","987","ad8601ad12a424f995579ffa7ae24042c44df9f89248b715dcd8ef56c54aacca","json"
"backend/services/order-service/node_modules/@nodelib/fs.stat/README.md","3075","1003c9d5c66b39334af07a7e344afa33ecb3f78660a98c57518a0bbdd1a9570a","md"
"backend/services/order-service/node_modules/@nodelib/fs.stat/out/index.d.ts","805","ff53802a97b7d11ab3c4395aa052baa14cd12d2b1ed236b520a833fdd2a15003","ts"
"backend/services/order-service/node_modules/@nodelib/fs.stat/out/index.js","985","7a19f0f3cb5fda9fd9f398003b226c638370898af403f89ddfa4276b5777d9ea","js"
"backend/services/order-service/node_modules/@nodelib/fs.stat/out/settings.d.ts","518","d9be977c415df16e4defe4995caeca96e637eeef9d216d0d90cdba6fc617e97e","ts"
"backend/services/order-service/node_modules/@nodelib/fs.stat/out/settings.js","696","11ab7580176e2390e9d27d2217f330979a41ca5f1bde9c27fd2af0cf78956094","js"
"backend/services/order-service/node_modules/@nodelib/fs.stat/out/adapters/fs.d.ts","665","d3fa0530dfb1df408f0abd76486de39def69ca47683d4a3529b2d22fce27c693","ts"
"backend/services/order-service/node_modules/@nodelib/fs.stat/out/adapters/fs.js","582","fe08e8266cfd2c4fc9c59c48993b82f894181e93e3d1bb4527d7079091c9fa51","js"
"backend/services/order-service/node_modules/@nodelib/fs.stat/out/providers/async.d.ts","274","98e0c2b48d855a844099123e8ec20fe383ecd1c5877f3895b048656befe268d0","ts"
"backend/services/order-service/node_modules/@nodelib/fs.stat/out/providers/async.js","1172","df7fc1fe9ccebb214a2d3c5cff744302fec0164421a7bd58c541709862092cfd","js"
"backend/services/order-service/node_modules/@nodelib/fs.stat/out/providers/sync.d.ts","151","a0be212f5b2ea8be5cf68e8229197c7d655a1db86467ede9e030956754402d45","ts"
"backend/services/order-service/node_modules/@nodelib/fs.stat/out/providers/sync.js","619","e3b0e28d1b151bbabca4cae3dbf8dd1add9ed2524265bbd8fc827fb21c599fc6","js"
"backend/services/order-service/node_modules/@nodelib/fs.stat/out/types/index.d.ts","160","46324183533e34fad2461b51174132e8e0e4b3ac1ceb5032e4952992739d1eab","ts"
"backend/services/order-service/node_modules/@nodelib/fs.stat/out/types/index.js","77","d43aa81f5bc89faa359e0f97c814ba25155591ff078fbb9bfd40f8c7c9683230","js"
"backend/services/order-service/node_modules/@nodelib/fs.walk/LICENSE","1079","9363d160bf41d46d83901a5d24fc3fe2094c2afc17b4a2378914b273977ee2de","unknown"
"backend/services/order-service/node_modules/@nodelib/fs.walk/package.json","1138","509382ca0b57206ef4ccec2738a6ba060094eb65bd2f4bee1462d941c72d4344","json"
"backend/services/order-service/node_modules/@nodelib/fs.walk/README.md","6139","584b8555ea714e8ddf5fb91a490e24ad4dff0474ef40c24ecfb1c2751225284a","md"
"backend/services/order-service/node_modules/@nodelib/fs.walk/out/index.d.ts","1019","011b2857871a878d5eae463bedc4b3dd14755dc3a67d5d10f8fbb7823d119294","ts"
"backend/services/order-service/node_modules/@nodelib/fs.walk/out/index.js","1390","f4a7ff687aaf6223ad0e549030d11834103469e40898de922fd0a60cef12ad21","js"
"backend/services/order-service/node_modules/@nodelib/fs.walk/out/settings.d.ts","1175","6fb67d664aaab2f1d1ad4613b58548aecb4b4703b9e4c5dba6b865b31bd14722","ts"
"backend/services/order-service/node_modules/@nodelib/fs.walk/out/settings.js","1250","2ad9e3bd36d3e551349196809bcf9a8685d37a9fa321b07cdbef0ce8ee29115e","js"
"backend/services/order-service/node_modules/@nodelib/fs.walk/out/providers/async.d.ts","478","f12ea658b060da1752c65ae4f1e4c248587f6cd4cb4acabbf79a110b6b02ff75","ts"
"backend/services/order-service/node_modules/@nodelib/fs.walk/out/providers/async.js","895","ae9c48210be7b276c8df7fc7bf16a04bce517635d33d07d92d620b8f8fed3629","js"
"backend/services/order-service/node_modules/@nodelib/fs.walk/out/providers/index.d.ts","167","5c199ba7e40b4850922a68224bba79efe231b800ab499f1ed65901bee3519c6e","ts"
"backend/services/order-service/node_modules/@nodelib/fs.walk/out/providers/index.js","388","2f24ab6abd2978d99098ebc18a8801eb9b4d32c9a697d9d44874046ddda54b27","js"
"backend/services/order-service/node_modules/@nodelib/fs.walk/out/providers/stream.d.ts","413","907a3aa49a734091963cc9de9579d5461c142d8df6a03060be84c28250593c58","ts"
"backend/services/order-service/node_modules/@nodelib/fs.walk/out/providers/stream.js","1021","cbf46228291fc4a8dee090db411c8db430c8c0066580f4fe056b2ed24ba95bc7","js"
"backend/services/order-service/node_modules/@nodelib/fs.walk/out/providers/sync.d.ts","338","9ab7dfdf0f436763c1e45bd455c7ae5880a201a63cb0b634d070f1bbab5fff9c","ts"
"backend/services/order-service/node_modules/@nodelib/fs.walk/out/providers/sync.js","407","e06d608e9b575819fdd239dc0f0ab0038fd5c297df4cbd523f801e467d13009a","js"
"backend/services/order-service/node_modules/@nodelib/fs.walk/out/readers/async.d.ts","1091","04a4b38c6a1682059eac00e7d0948d99c46642b57003d61d0fe9ccc9df442887","ts"
"backend/services/order-service/node_modules/@nodelib/fs.walk/out/readers/async.js","3157","71831647fe7b5f2e077646b799a621d0b9c41b0fccf64b3dd41a772c314c4d1d","js"
"backend/services/order-service/node_modules/@nodelib/fs.walk/out/readers/common.d.ts","498","10da40a888accfb55182029ec0879b16fbb714b06e3c564608fde051bcf3a7ed","ts"
"backend/services/order-service/node_modules/@nodelib/fs.walk/out/readers/common.js","1052","68b6026e669d1977a40d63c2463acf11a8ea3daffe0f5f026fd3bab07950da59","js"
"backend/services/order-service/node_modules/@nodelib/fs.walk/out/readers/reader.d.ts","208","4414644199b1a047b4234965e07d189781a92b578707c79c3933918d67cd9d85","ts"
"backend/services/order-service/node_modules/@nodelib/fs.walk/out/readers/reader.js","358","ad0139c61b7a4811ce1b7d1d70e9ef46d8812347a1c44436a254207420824bc0","js"
"backend/services/order-service/node_modules/@nodelib/fs.walk/out/readers/sync.d.ts","477","26e5258fca0385bea6f1425d36e627d58938caa1df5a4deb89a4e570488ea5ee","ts"
"backend/services/order-service/node_modules/@nodelib/fs.walk/out/readers/sync.js","1911","5296d2103bbaea6e3ec5c07e1233f77b3868757ce3ed9f3ff9d51a1a2ad8675d","js"
"backend/services/order-service/node_modules/@nodelib/fs.walk/out/types/index.d.ts","251","b7336c1c536e3deaedbda956739c6250ac2d0dd171730c42cb57b10368f38a14","ts"
"backend/services/order-service/node_modules/@nodelib/fs.walk/out/types/index.js","77","d43aa81f5bc89faa359e0f97c814ba25155591ff078fbb9bfd40f8c7c9683230","js"
"backend/services/order-service/node_modules/@prisma/client/default.d.ts","39","51ebca098538b252953b1ef83c165f25b52271bfb6049cd09d197dddd4cd43c5","ts"
"backend/services/order-service/node_modules/@prisma/client/default.js","61","0cfff057c91fcb7559bd1a3bb4891404e455829ced5b18a87c9393ee1721ace4","js"
"backend/services/order-service/node_modules/@prisma/client/edge.d.ts","36","317483ac49e6e3592ae08c55aeca9e9cc252749ef3a10841229f01422720ed2a","ts"
"backend/services/order-service/node_modules/@prisma/client/edge.js","107","7bf087246c937e84453cb6ec8235c106c9f1808b3400d74601dd503f14e49643","js"
"backend/services/order-service/node_modules/@prisma/client/extension.d.ts","40","2479ba0bddab019eaacf32578d5c3af99999cee581bc10d49946469b06ee2426","ts"
"backend/services/order-service/node_modules/@prisma/client/extension.js","111","116e87c8b1e477b2b0f80b08f32c1752976d6909f9e6e38a1c4a92f97b9251f3","js"
"backend/services/order-service/node_modules/@prisma/client/index-browser.js","80","3d3124ae428b3514dbeb60a4270b904a063451cb82de1d96f0b16d69fd1860c6","js"
"backend/services/order-service/node_modules/@prisma/client/index.d.ts","39","51ebca098538b252953b1ef83c165f25b52271bfb6049cd09d197dddd4cd43c5","ts"
"backend/services/order-service/node_modules/@prisma/client/index.js","110","98ebb7453444d223cacae7a3d8ad655f29997523d9a1646d383f852b10ba70fa","js"
"backend/services/order-service/node_modules/@prisma/client/LICENSE","11357","c71d239df91726fc519c6eb72d318ec65820627232b2f796219e87dcf35d0ab4","unknown"
"backend/services/order-service/node_modules/@prisma/client/package.json","8156","2efa3f7c0f05cf2bd4b681b71dd0e7a197006a3c29f2acdb5f88d5e7bc9bb2e3","json"
"backend/services/order-service/node_modules/@prisma/client/react-native.d.ts","44","cb44a22537d7c1b1b2e427e70a2e15a6b6659271b484a98eee18199dff3fdeb7","ts"
"backend/services/order-service/node_modules/@prisma/client/react-native.js","66","18194ed433c5d4b588d5f7bbfe43fdabcedec2a6a7891e8d06fb5224f546fcc3","js"
"backend/services/order-service/node_modules/@prisma/client/README.md","2553","8962ebaf0fc70382ac40759fecc178cd96ace15221c7debb309a38761b116b90","md"
"backend/services/order-service/node_modules/@prisma/client/sql.d.ts","35","79609bf6f382209078a578e71ed2ecb81829f1b8bebae3c7948a02090ead8e3e","ts"
"backend/services/order-service/node_modules/@prisma/client/sql.js","70","1eaca014b3d83401e69545a43e2b2bb8ee95c9238703428a084a6479a49b66d1","js"
"backend/services/order-service/node_modules/@prisma/client/sql.mjs","51","a9a785844488c0ae9da9890d625df4c61d8033e93914d213b4456aefc87b4487","mjs"
"backend/services/order-service/node_modules/@prisma/client/wasm.d.ts","36","f75e7af8dfb25831cba7b68df867d8b859af1a3ac7c5a31b2e0649d6c95b4363","ts"
"backend/services/order-service/node_modules/@prisma/client/wasm.js","107","ac22ecbb19be6d4cb11f98f0b7bec4966d45e0c07445d0ad61e4cc9b74379837","js"
"backend/services/order-service/node_modules/@prisma/client/generator-build/index.js","349605","1697ccccd6b9ef9bfe00277ab8347d656080854d12680568940546e1ef4602ee","js"
"backend/services/order-service/node_modules/@prisma/client/runtime/binary.d.ts","26","8edadeb551395cad9fde0272dcc52341e2728b7d835dd61d51fb795b714ce37c","ts"
"backend/services/order-service/node_modules/@prisma/client/runtime/binary.js","622440","df18294def856b0c913615d7d77b14473d8a4bf5a9ccfaf6dfca1cacb2c10adf","js"
"backend/services/order-service/node_modules/@prisma/client/runtime/edge-esm.js","166095","bad30b145b6994c8c862fbe42a5e7fc0b85c7b655b245fdfe5df9e635ab72fe8","js"
"backend/services/order-service/node_modules/@prisma/client/runtime/edge.js","166370","c43b46015a75a52e283616ce63927baa0299a22166cbfbcc9b86ac03a50c42b2","js"
"backend/services/order-service/node_modules/@prisma/client/runtime/index-browser.d.ts","11850","0def2ed9fde3a822fccc92f6b2d42cd933b2fba5f421140cc0076d1661b2d862","ts"
"backend/services/order-service/node_modules/@prisma/client/runtime/index-browser.js","34709","b8e7ecc96d6a1824365eea35c638da6746ef1d17db54cf0d276e31f576cf1120","js"
"backend/services/order-service/node_modules/@prisma/client/runtime/library.d.ts","117585","21247c958d397091ec30e63b27294baa1d1434c333da4fda697743190311dc62","ts"
"backend/services/order-service/node_modules/@prisma/client/runtime/library.js","191178","9ab29d2d4f29cfc3bef4d09eb4008edc80dac07266ca81d1e21a602a8e039050","js"
"backend/services/order-service/node_modules/@prisma/client/runtime/query_engine_bg.mysql.js","16229","8ba900fdcf270bf7c68930336f53c821c1686d74041f802a5a29e89f2da7f2b8","js"
"backend/services/order-service/node_modules/@prisma/client/runtime/query_engine_bg.mysql.wasm","2091810","10c3f1282a79ee74dc15e3746fe717a9e7a91ed642d7f694b32097fd4107d7f3","wasm"
"backend/services/order-service/node_modules/@prisma/client/runtime/query_engine_bg.postgresql.js","16484","d5600a198dd8e2a132011a1401fb94e25662ffdccec27e7b920c13a8f4afbb4d","js"
"backend/services/order-service/node_modules/@prisma/client/runtime/query_engine_bg.postgresql.wasm","2130325","b8c2cab13e50491cec4ca2d16a20cd549f09449736ab2361ad53c0254a08bf91","wasm"
"backend/services/order-service/node_modules/@prisma/client/runtime/query_engine_bg.sqlite.js","16229","9e61075ea88cb6e7363b09a2cc5fcd836121fe417329e8131bfe18eedf6c03e1","js"
"backend/services/order-service/node_modules/@prisma/client/runtime/query_engine_bg.sqlite.wasm","1986352","40800054ecc6145eb5228015c8c12e8781203e24702520657f0ccc3b90a05f25","wasm"
"backend/services/order-service/node_modules/@prisma/client/runtime/react-native.d.ts","117585","21247c958d397091ec30e63b27294baa1d1434c333da4fda697743190311dc62","ts"
"backend/services/order-service/node_modules/@prisma/client/runtime/react-native.js","174707","f95142fd9db2606a061e1361603f1832a674152a71571f5c4526302e08ffe611","js"
"backend/services/order-service/node_modules/@prisma/client/runtime/wasm.js","124187","5bbb124f65b744d8a5fa910ad83750aa848e2a7ca10be5e4e29bf3eab0a0a9ab","js"
"backend/services/order-service/node_modules/@prisma/client/scripts/colors.js","5732","08eb6a703f1f8acb8c3cdd69f5c15ba958c3df657a35c7d4e30436a799847a9f","js"
"backend/services/order-service/node_modules/@prisma/client/scripts/default-deno-edge.ts","212","2c477a207046eb53c996f4a7eed2ae894cb021393d58cc5c0310456ce21a6c47","ts"
"backend/services/order-service/node_modules/@prisma/client/scripts/default-index.d.ts","3989","71df692065d79c5b044002f8a68eba33e934859859094bab2f334f64a467f428","ts"
"backend/services/order-service/node_modules/@prisma/client/scripts/default-index.js","2078","8ddaed338be85a42d43f41a14079be84b6b5c3e6efb5a505137d9f96c652c508","js"
"backend/services/order-service/node_modules/@prisma/client/scripts/postinstall.d.ts","304","3bf65a90eb02f4bdf76d64569983b3770d6d54c27428682a38d836c487bc7bfd","ts"
"backend/services/order-service/node_modules/@prisma/client/scripts/postinstall.js","13100","d74f4d6b63eb274012518b87504b47e0be2e13d946527723770009ccb29dd804","js"
"backend/services/order-service/node_modules/@prisma/debug/LICENSE","11357","c71d239df91726fc519c6eb72d318ec65820627232b2f796219e87dcf35d0ab4","unknown"
"backend/services/order-service/node_modules/@prisma/debug/package.json","926","c77b7da25303d59f83dce3f7304be3e0815e4d082260fd30d86d26e96e589946","json"
"backend/services/order-service/node_modules/@prisma/debug/README.md","946","43c3a12474346d0933e3088cd185676c37aa2864f3a1f61bb6aa0f5fb2922755","md"
"backend/services/order-service/node_modules/@prisma/debug/dist/index.d.ts","1069","9a187057b71f56ae18d3bea04860baee69909ee856237096c7bc2c7084c2d473","ts"
"backend/services/order-service/node_modules/@prisma/debug/dist/index.js","7098","fc331cb69ee34f0b2b6e6c03890f36e440a0d74955d16aa667dbf36b79a6fa00","js"
"backend/services/order-service/node_modules/@prisma/debug/dist/util.d.ts","123","3079df1602414ce84dc2d22b96ea5e5f16cc928a051d7fed02c71328001ae9bc","ts"
"backend/services/order-service/node_modules/@prisma/debug/dist/util.js","3233","e9a68344fe94ae65650679bdd4ff9102dc4b1ed245ef88a868b669461388b9c3","js"
"backend/services/order-service/node_modules/@prisma/engines/LICENSE","11357","c71d239df91726fc519c6eb72d318ec65820627232b2f796219e87dcf35d0ab4","unknown"
"backend/services/order-service/node_modules/@prisma/engines/package.json","1088","eaa81442c1a545b8fb22720a6b50fb4d7e354608590ef0c9384f18755fdfc465","json"
"backend/services/order-service/node_modules/@prisma/engines/query_engine-windows.dll.node","19261952","7d58cada77c5833e57d2ab4ad61ea2948247b2caa8575066b2fe3bc7e4ea4e5a","node"
"backend/services/order-service/node_modules/@prisma/engines/README.md","740","aba404ddff047bce44cecb3349f78155832d70a327e7b33b974c29d671c0099b","md"
"backend/services/order-service/node_modules/@prisma/engines/schema-engine-windows.exe","18145792","a7d949e16cc5937aa77d67888c8993118ef16c764e536e9ed7c17cfe61bb65ad","exe"
"backend/services/order-service/node_modules/@prisma/engines/dist/index.d.ts","592","f9f6837ee8daecc0ab33cdb9bd43625f2285ea8a97404fae1af762df400a9726","ts"
"backend/services/order-service/node_modules/@prisma/engines/dist/index.js","5622","4ef0c22bbb04f4c54dcb52f0d7156f75c3715a5311ead655bf8920b5e61249a9","js"
"backend/services/order-service/node_modules/@prisma/engines/dist/scripts/localinstall.d.ts","11","8e609bb71c20b858c77f0e9f90bb1319db8477b13f9f965f1a1e18524bf50881","ts"
"backend/services/order-service/node_modules/@prisma/engines/dist/scripts/localinstall.js","68562","78434203c7a587645df358da2a7cc196555221ebeee21603db157c959ce69dea","js"
"backend/services/order-service/node_modules/@prisma/engines/dist/scripts/postinstall.d.ts","11","8e609bb71c20b858c77f0e9f90bb1319db8477b13f9f965f1a1e18524bf50881","ts"
"backend/services/order-service/node_modules/@prisma/engines/dist/scripts/postinstall.js","5951","81fbf4bc8b69cbdf023f6ba0ef168e4eeb1cfff7bd070793ae7c63fd015bd1c8","js"
"backend/services/order-service/node_modules/@prisma/engines/node_modules/.cache/prisma/master/605197351a3c8bdd595af2d2a9bc3025bca48ea2/windows/libquery-engine","19261952","7d58cada77c5833e57d2ab4ad61ea2948247b2caa8575066b2fe3bc7e4ea4e5a","unknown"
"backend/services/order-service/node_modules/@prisma/engines/node_modules/.cache/prisma/master/605197351a3c8bdd595af2d2a9bc3025bca48ea2/windows/libquery-engine.gz.sha256","64","b9ad7ce3c4f6124e5dc77bfb6f44775a46c6189983d5d2db9772768b9efc9259","sha256"
"backend/services/order-service/node_modules/@prisma/engines/node_modules/.cache/prisma/master/605197351a3c8bdd595af2d2a9bc3025bca48ea2/windows/libquery-engine.sha256","64","990aab87524beef266e26317fc4243b0d5d4cdd3fe904fd9f84e4e0c81e432a1","sha256"
"backend/services/order-service/node_modules/@prisma/engines/node_modules/.cache/prisma/master/605197351a3c8bdd595af2d2a9bc3025bca48ea2/windows/schema-engine","18145792","a7d949e16cc5937aa77d67888c8993118ef16c764e536e9ed7c17cfe61bb65ad","unknown"
"backend/services/order-service/node_modules/@prisma/engines/node_modules/.cache/prisma/master/605197351a3c8bdd595af2d2a9bc3025bca48ea2/windows/schema-engine.gz.sha256","64","d8a637aec1cf7bda31522ed2487e0c34aba6a08ecc8969bb86ef36dd802783ab","sha256"
"backend/services/order-service/node_modules/@prisma/engines/node_modules/.cache/prisma/master/605197351a3c8bdd595af2d2a9bc3025bca48ea2/windows/schema-engine.sha256","64","de796a9b76a64d1036038ee272f9bc6aa4d08989c227d55b80429bbfe7e05780","sha256"
"backend/services/order-service/node_modules/@prisma/engines/scripts/postinstall.js","1092","c4219fdab06232498675a5372968a9eed209696a1a825c88ccc4f247a922f1b0","js"
"backend/services/order-service/node_modules/@prisma/engines-version/index.d.ts","45","dbb50e77b49138e895c7fb3da1692eb8155f3fd83845fc1c034800d496af3844","ts"
"backend/services/order-service/node_modules/@prisma/engines-version/index.js","217","5ae9c94418a94b3c86604ed39b7af19ffe8482e9bda77d1d90393af22bca84c0","js"
"backend/services/order-service/node_modules/@prisma/engines-version/LICENSE","11357","c71d239df91726fc519c6eb72d318ec65820627232b2f796219e87dcf35d0ab4","unknown"
"backend/services/order-service/node_modules/@prisma/engines-version/package.json","637","c7832d50ed2791a2fa203ea331897f339a05a7004e17eed69ea9a22dca21455d","json"
"backend/services/order-service/node_modules/@prisma/engines-version/README.md","435","1eadb4b6edd508ff3aced6ce2a64e412e190cfbba5bcf5f3c4c469ff61ccf4c0","md"
"backend/services/order-service/node_modules/@prisma/fetch-engine/LICENSE","11357","c71d239df91726fc519c6eb72d318ec65820627232b2f796219e87dcf35d0ab4","unknown"
"backend/services/order-service/node_modules/@prisma/fetch-engine/package.json","1566","378974cfdd13a61cf93bbd464a7477c70edf398af3258d8a43328e0bce98cf08","json"
"backend/services/order-service/node_modules/@prisma/fetch-engine/README.md","598","9f1d597ef0e01695431be3c2d470387b062e7d0959eb82618ed578970d3dd230","md"
"backend/services/order-service/node_modules/@prisma/fetch-engine/dist/BinaryType.d.ts","160","b1e5f0a0f51b9bd96d78d9cecbe905d648f7c86076d6a0a5f090d62b54d699b0","ts"
"backend/services/order-service/node_modules/@prisma/fetch-engine/dist/BinaryType.js","1087","6697259b6916f2deb9f0e58efe9a9aee8f26f36f8fa135fc1532cbcec6e6f3c3","js"
"backend/services/order-service/node_modules/@prisma/fetch-engine/dist/chmodPlusX.d.ts","56","bfe8569eed5be46885674f7a18c1b9c6c3ff7a20e21216328db11e9f84cfa281","ts"
"backend/services/order-service/node_modules/@prisma/fetch-engine/dist/chmodPlusX.js","1087","02e1f2a2fe58743b9765e9b412e5347de981a59e9c373e99c5b18087c1389952","js"
"backend/services/order-service/node_modules/@prisma/fetch-engine/dist/chunk-2BCLJS3M.js","80992","c70b196cc230d231e5f3e64ccefbb64ddc1855509dc073fbce74a53bdc83eb29","js"
"backend/services/order-service/node_modules/@prisma/fetch-engine/dist/chunk-4LX3XBNY.js","6143","11eb379af0f3e387f8781568d1bbfa7a985691baf4d634d90e3341563a7bc9eb","js"
"backend/services/order-service/node_modules/@prisma/fetch-engine/dist/chunk-AH6QHEOA.js","3483","c51c370220177d7884b44a7cd001a43e53a8a82f7f00928a2a5f54c8339da5e3","js"
"backend/services/order-service/node_modules/@prisma/fetch-engine/dist/chunk-CWGQAQ3T.js","2009","c0cc5f580c362835cb11cdad931c40a422ebf5918aa2266d1771afc300c76b35","js"
"backend/services/order-service/node_modules/@prisma/fetch-engine/dist/chunk-FQ2BOR66.js","87678","9d1f2d90111d6b1ec2c942c67518cb069666c4319b0236c3f67f54b013b8d45c","js"
"backend/services/order-service/node_modules/@prisma/fetch-engine/dist/chunk-KDPLGCY6.js","48210","118de587084a2521fc1bd3eeb9654b3507cf899356af4924f31cfaa6a1445be4","js"
"backend/services/order-service/node_modules/@prisma/fetch-engine/dist/chunk-KJ74H3SQ.js","80991","ebfee6cac315535a266f552f0ee31a23f934996d077428bb9708e5e2304f7959","js"
"backend/services/order-service/node_modules/@prisma/fetch-engine/dist/chunk-MX3HXAU2.js","1888","d37645fdc975e90c053f6007361e148e8c04dab7b6bb80e220fe8481645b3801","js"
"backend/services/order-service/node_modules/@prisma/fetch-engine/dist/chunk-PXQVM7NP.js","5316","b0637256f32d577867cd3a9a61172fa4c7eb472253b8de4f7f373a213c4dafea","js"
"backend/services/order-service/node_modules/@prisma/fetch-engine/dist/chunk-QLWYUM7O.js","287414","b8673d8ad5a92dbcaa7360afea2b3ecc1eebd1c12adf48a802579f5872ff839a","js"
"backend/services/order-service/node_modules/@prisma/fetch-engine/dist/chunk-QSTZGX47.js","3146","df5c012d95d3a07d9b018e54c4f2cae4e40961a9b67abd91606b819e69ee6952","js"
"backend/services/order-service/node_modules/@prisma/fetch-engine/dist/chunk-RGVHWUUH.js","88956","2ff55e3afac779596be7512aa2929e77d74e35e24d5be41a2916ec21d39237ec","js"
"backend/services/order-service/node_modules/@prisma/fetch-engine/dist/chunk-VTJS2JJN.js","184431","83baeff81355d53a94c8fb8a9416b84fd57f7254e6ec6cad722055318ed2155e","js"
"backend/services/order-service/node_modules/@prisma/fetch-engine/dist/chunk-X37PZICB.js","1219","95b48a64b0bca5d301f6472779e9cfa61dc0c1d2120dc97518e1b164cefafb33","js"
"backend/services/order-service/node_modules/@prisma/fetch-engine/dist/cleanupCache.d.ts","65","39640b91271987efb8400afa8553edd5226f1dd18382a4839c7f5203342f8b3b","ts"
"backend/services/order-service/node_modules/@prisma/fetch-engine/dist/cleanupCache.js","1277","72174a1e8943bf104dddd339070ce06c8c2228cdb93ade0e83ed33c1e8b8fd90","js"
"backend/services/order-service/node_modules/@prisma/fetch-engine/dist/download.d.ts","1083","5332094ff6eeaea20a9a2e01c7d83b82656f2be9dff9e64ed5bfecf84f2e1a62","ts"
"backend/services/order-service/node_modules/@prisma/fetch-engine/dist/download.js","2027","aa0c7f5f7fdb36dfe1cf7e361455244d04479a475b4585c7cbe649649e84f6dc","js"
"backend/services/order-service/node_modules/@prisma/fetch-engine/dist/downloadZip.d.ts","252","c44c1df225c0858247b52c8e622d545041836ee4d3b4ec93346e31610fb2c754","ts"
"backend/services/order-service/node_modules/@prisma/fetch-engine/dist/downloadZip.js","1392","5e441cba168a1542aab7e03826847cacb0bcc5f4d35cae1cbda3fda52112c40f","js"
"backend/services/order-service/node_modules/@prisma/fetch-engine/dist/env.d.ts","499","efb7b40478d4188860069124c30c88db0930e7beadca274d36c4e007ae61db61","ts"
"backend/services/order-service/node_modules/@prisma/fetch-engine/dist/env.js","1352","59989ca611ef930788a4b7076bc7e193e4328638dbffdd73eb386211387760e5","js"
"backend/services/order-service/node_modules/@prisma/fetch-engine/dist/getHash.d.ts","68","87b8b89472ad7cba9ca63167d4f3937acf29be731d95e1fa65206ad699c32c58","ts"
"backend/services/order-service/node_modules/@prisma/fetch-engine/dist/getHash.js","1072","bb881421710ae584886512a2f11d407c18b2e3077d5dfa339d5751f114164087","js"
"backend/services/order-service/node_modules/@prisma/fetch-engine/dist/getProxyAgent.d.ts","218","a1c5b54e23991e7f54f953e8f2ae21f132e4ddfe6b520580f925041edcf1ae0c","ts"
"backend/services/order-service/node_modules/@prisma/fetch-engine/dist/getProxyAgent.js","1102","8830f3ef258d0b999b499a76b78f00233333cb3afbd081a73ee436a471d7d06a","js"
"backend/services/order-service/node_modules/@prisma/fetch-engine/dist/index.d.ts","184","1e9f020aea86fb9a5083fbf997e4989f081fcd5acd52834828331ff329c6ec18","ts"
"backend/services/order-service/node_modules/@prisma/fetch-engine/dist/index.js","2525","d3d186e06c446cff7fe5aaca6df20d3653985c877d4131ed49068705e1dc8d76","js"
"backend/services/order-service/node_modules/@prisma/fetch-engine/dist/log.d.ts","86","e41d02f9dd514e0d4faa2150cda2813cb74baab0e143d055209be6b1f6631a09","ts"
"backend/services/order-service/node_modules/@prisma/fetch-engine/dist/log.js","1058","251281e348458d32579437921a05a5afe2b7d94dc287098f842bf4c8337d63a0","js"
"backend/services/order-service/node_modules/@prisma/fetch-engine/dist/multipart-parser-47FFAP42.js","11006","1a98903865095d053eff0fe926cf065da2f035976c8301fe938f83ce1e1dfd7d","js"
"backend/services/order-service/node_modules/@prisma/fetch-engine/dist/utils.d.ts","566","d9f22946f8fc5de00dcab445aa1f63a41ebae0501bdfe9c28d9b87688ea637ca","ts"
"backend/services/order-service/node_modules/@prisma/fetch-engine/dist/utils.js","1320","9b3e2253422792a6eace5223445153993fcd5b8a2522376ada27e867242bb6ac","js"
"backend/services/order-service/node_modules/@prisma/get-platform/LICENSE","11357","c71d239df91726fc519c6eb72d318ec65820627232b2f796219e87dcf35d0ab4","unknown"
"backend/services/order-service/node_modules/@prisma/get-platform/package.json","1270","7280cd5a0092a5acceab8bcb6689438611e395ee45c616099ea711c76331d400","json"
"backend/services/order-service/node_modules/@prisma/get-platform/README.md","713","8593bb0035aa246eea33823f3bc352c2c7db0a9129d841dcb306403c8d4236ca","md"
"backend/services/order-service/node_modules/@prisma/get-platform/dist/assertNodeAPISupported.d.ts","150","e6c034d7dc159d47af0f60dec5bf640a093241da4670f8840ac08f7b4a64f7d2","ts"
"backend/services/order-service/node_modules/@prisma/get-platform/dist/assertNodeAPISupported.js","1147","bcb4fabc5939fa24ff0c926168ea0a488ede2d38860899de6413c5522e2c1937","js"
"backend/services/order-service/node_modules/@prisma/get-platform/dist/binaryTargets.d.ts","722","a8f1a613409cfaaf057903d17ed62485b6c4b14d36d9dc1aaca2cd3c5f81a234","ts"
"backend/services/order-service/node_modules/@prisma/get-platform/dist/binaryTargets.js","1151","26274c958c3e519e22d85cbefadde058bc7031a3d5bd3610def175841e2e1f0b","js"
"backend/services/order-service/node_modules/@prisma/get-platform/dist/chunk-2ESYSVXG.js","3144","50f30d77094aac68ce25c0b2843572b94ef66e8c6ea4165db2bdb8d6d3eed702","js"
"backend/services/order-service/node_modules/@prisma/get-platform/dist/chunk-2U36ISZO.js","1550","b053a7732e2916c0ae7f653f717287826095e0dd12f7868c184cc16e7411802c","js"
"backend/services/order-service/node_modules/@prisma/get-platform/dist/chunk-6HZWON4S.js","14","77f5eec38c5ef075e11892244ccf9e249d82937e07401398df98319568775a17","js"
"backend/services/order-service/node_modules/@prisma/get-platform/dist/chunk-7MLUNQIZ.js","1998","33a09c2b42aa16f7078e0a9d27a0641c7921207431fa2a92eae3761faba29c2a","js"
"backend/services/order-service/node_modules/@prisma/get-platform/dist/chunk-B23KD6U3.js","2341","31885922c823625c0a32093da5967b82e94e2130b9254051f04e1109e07455ba","js"
"backend/services/order-service/node_modules/@prisma/get-platform/dist/chunk-D7S5FGQN.js","13045","fb591d8a754e9456972da34519988180e95035a13454652eb10ea767091190f2","js"
"backend/services/order-service/node_modules/@prisma/get-platform/dist/chunk-FWMN4WME.js","1396","83e351aa24c553fb2495a527c234b66c75481b85d4e7f6fd63a1648d11f8a539","js"
"backend/services/order-service/node_modules/@prisma/get-platform/dist/chunk-M5NKJZ76.js","514463","cdf8cbc4e456e2655a87b61d0a4ed75d69d8caab19b078a7500252768930b7ab","js"
"backend/services/order-service/node_modules/@prisma/get-platform/dist/chunk-O5EOXX3N.js","2224","9886d85cf3ea1fa4f6bac8d5d26fb4aff65ddd7f0da9f06053c7149f3c9ab96c","js"
"backend/services/order-service/node_modules/@prisma/get-platform/dist/chunk-YDM7ULQH.js","22237","730b6b6224e50c62474d543a822998fe31183821a50833fcb1a594311acfa2db","js"
"backend/services/order-service/node_modules/@prisma/get-platform/dist/chunk-YVXCXD3A.js","2357","6db70c0a2ae1481eee23df621ac3fc2e31b628fc2c4d2999f82ee528bc069ee1","js"
"backend/services/order-service/node_modules/@prisma/get-platform/dist/getNodeAPIName.d.ts","365","bdf3a0dd8a7a7cdca3a9f5259efc99a40fd4dec33afebccf3672eb1deec48044","ts"
"backend/services/order-service/node_modules/@prisma/get-platform/dist/getNodeAPIName.js","1107","634057ab7f7fdd82d976ae1f95f8b4b9b3bfa311a0f06d67bf90c384cc0d43bb","js"
"backend/services/order-service/node_modules/@prisma/get-platform/dist/getPlatform.d.ts","4940","9f4542e45dab5d11a7633a6597bd18d65145d73754d87294a830794bb3094821","ts"
"backend/services/order-service/node_modules/@prisma/get-platform/dist/getPlatform.js","2030","640ee7f88e7c7eb203376e1ce021c4f9ae1f5559b66fca3142522f98b9d3f990","js"
"backend/services/order-service/node_modules/@prisma/get-platform/dist/index.d.ts","389","5f9716e7404241966558ba601e197ddca8dbdd8d3f8c84a3b03d90a07b3004cc","ts"
"backend/services/order-service/node_modules/@prisma/get-platform/dist/index.js","2190","8afa0f6f579bc56c6ef0c23d69751f28ff014cd0e13078cb5726d1c1344fd5fc","js"
"backend/services/order-service/node_modules/@prisma/get-platform/dist/link.d.ts","48","630317107b14471d93c2fd9673fde638aed453977f5dbda7926cae5f8f6667a3","ts"
"backend/services/order-service/node_modules/@prisma/get-platform/dist/link.js","1117","f232bfcf1e182c1352af2dd0919dd9ecc8749df85fad456786a0b329d59b0f06","js"
"backend/services/order-service/node_modules/@prisma/get-platform/dist/logger.d.ts","236","9fe8f44f22846c08507ef238a098ea2469975604a1ac167112b15b9b5e585c27","ts"
"backend/services/order-service/node_modules/@prisma/get-platform/dist/logger.js","1251","68cea9e300fefb819907d3f1920db762d4d76e58169f3e57bea9ea0e3e997ab9","js"
"backend/services/order-service/node_modules/@prisma/get-platform/dist/test-utils/binaryTargetRegex.d.ts","347","fb007b1187e0b24c3768e77943695a2bb1e2fbd4bce809e314ebaf92fbbc622c","ts"
"backend/services/order-service/node_modules/@prisma/get-platform/dist/test-utils/binaryTargetRegex.js","1238","50aece3a1270c528bf62c5065a9c11cf76ae1cb672f85a265ab1680c9b742774","js"
"backend/services/order-service/node_modules/@prisma/get-platform/dist/test-utils/index.d.ts","103","b8109995bbc0c39b18dce05cc7aca8a716eecd45027a1534d370f07e9cd21f45","ts"
"backend/services/order-service/node_modules/@prisma/get-platform/dist/test-utils/index.js","1292","5c4f5b3097d1ece48d42d62438001a7d206aacc16c7f6804aa69b6e570782871","js"
"backend/services/order-service/node_modules/@prisma/get-platform/dist/test-utils/jestContext.d.ts","6440","9f3040e0a1840a1a72e08989e3de122d8d9b0dbfbddff979a36e89e48833da56","ts"
"backend/services/order-service/node_modules/@prisma/get-platform/dist/test-utils/jestContext.js","1234","2e8c47c0ea9afc7c935da210ff26c593ad6f1048b44570b926ef6b5e0b16a0b2","js"
"backend/services/order-service/node_modules/@prisma/get-platform/dist/test-utils/jestSnapshotSerializer.js","8667","c6c23da4c9e91265539e84d56ba3fbe08ecbaa8b47375624caae3dd4758a3ecf","js"
"backend/services/order-service/node_modules/@so-ric/colorspace/CHANGELOG.md","126","d876470a75c80ff09cb4d9282ad015ae8644136d1baac44e58a157af112ba76f","md"
"backend/services/order-service/node_modules/@so-ric/colorspace/index.js","762","3a023f3628a76fca7821d9ea3771094d2293c4e99a5b76e74c44636c5ec1bc7e","js"
"backend/services/order-service/node_modules/@so-ric/colorspace/LICENSE.md","1139","56dbea61ecd8a624c37c7a1c282a2ec4b72a4b2a03fbc6eeb7210bdc4ec25d75","md"
"backend/services/order-service/node_modules/@so-ric/colorspace/package.json","1087","86b3cce52cb2f3418fb1bd20578fd194de861d9e5ad7d9348bc577a71bf03100","json"
"backend/services/order-service/node_modules/@so-ric/colorspace/README.md","1198","cb634617ad86a3aa01ae2bee550437d65dd6bd512c1dcead33d1bcbee092df2d","md"
"backend/services/order-service/node_modules/@so-ric/colorspace/rollup.config.js","538","60b746283359e30a5bde774e6fee787c9c0ed1845960db5f5716ff4ead34388e","js"
"backend/services/order-service/node_modules/@so-ric/colorspace/dist/index.cjs.js","46866","dcd6756dc9dd781ee8b372242c86266aaa8f46a4090362660ff6638ddfb60495","js"
"backend/services/order-service/node_modules/@types/body-parser/index.d.ts","3844","cc0d0b339f31ce0ab3b7a5b714d8e578ce698f1e13d7f8c60bfb766baeb1d35c","ts"
"backend/services/order-service/node_modules/@types/body-parser/LICENSE","1141","c2cfccb812fe482101a8f04597dfc5a9991a6b2748266c47ac91b6a5aae15383","unknown"
"backend/services/order-service/node_modules/@types/body-parser/package.json","1966","abfa4e676c9081b62bef126db1974d1b140d1fe0e3f443483e01e5e1f3d30c0a","json"
"backend/services/order-service/node_modules/@types/body-parser/README.md","937","885381bbb6e8c5824eac8648e67f7f08a5c667696164886e91cbfe272993aa96","md"
"backend/services/order-service/node_modules/@types/connect/index.d.ts","3239","104c67f0da1bdf0d94865419247e20eded83ce7f9911a1aa75fc675c077ca66e","ts"
"backend/services/order-service/node_modules/@types/connect/LICENSE","1141","c2cfccb812fe482101a8f04597dfc5a9991a6b2748266c47ac91b6a5aae15383","unknown"
"backend/services/order-service/node_modules/@types/connect/package.json","965","41a217e1320dc43f88929ec7f1339955c5f6ea46081151788e6d8df7423a31db","json"
"backend/services/order-service/node_modules/@types/connect/README.md","562","3feeaa70407d7e59077684ede9460568923555bbf98453857d1a810b289f0e17","md"
"backend/services/order-service/node_modules/@types/cors/index.d.ts","1578","25be1eb939c9c63242c7a45446edb20c40541da967f43f1aa6a00ed53c0552db","ts"
"backend/services/order-service/node_modules/@types/cors/LICENSE","1141","c2cfccb812fe482101a8f04597dfc5a9991a6b2748266c47ac91b6a5aae15383","unknown"
"backend/services/order-service/node_modules/@types/cors/package.json","1132","668eaf9685f07c43881b376ddf4fccf6d1896c0e46e528b0a32c383e15237271","json"
"backend/services/order-service/node_modules/@types/cors/README.md","2297","3432d8f064f83df0f325a945c00e122e2a438990e149a27bc34775eb24be195e","md"
"backend/services/order-service/node_modules/@types/express/index.d.ts","4416","232f118ae64ab84dcd26ddb60eaed5a6e44302d36249abf05e9e3fc2cbb701a2","ts"
"backend/services/order-service/node_modules/@types/express/LICENSE","1141","c2cfccb812fe482101a8f04597dfc5a9991a6b2748266c47ac91b6a5aae15383","unknown"
"backend/services/order-service/node_modules/@types/express/package.json","1442","5ffb5f71011ecb74852e1ec9d4a5818274707a16a0b8e0d890c7e3b250c8cddc","json"
"backend/services/order-service/node_modules/@types/express/README.md","887","a1e59361f6302f2fe61f99537ab575c689c07289a5b91ef038a65dceeb45c054","md"
"backend/services/order-service/node_modules/@types/express-serve-static-core/index.d.ts","41885","90407bbaa24977b8a6a90861148ac98d8652afe69992a90d823f29e9807fe2d7","ts"
"backend/services/order-service/node_modules/@types/express-serve-static-core/LICENSE","1141","c2cfccb812fe482101a8f04597dfc5a9991a6b2748266c47ac91b6a5aae15383","unknown"
"backend/services/order-service/node_modules/@types/express-serve-static-core/package.json","1622","345a8926decb0a621b439fb5ef52c67084a847ab292a3326d11b013c1a077d3e","json"
"backend/services/order-service/node_modules/@types/express-serve-static-core/README.md","931","e9f420509901d76c97a7e9716159c8bf74c5d271fa2f660406a569f3ed49b743","md"
"backend/services/order-service/node_modules/@types/http-errors/index.d.ts","3946","b71c603a539078a5e3a039b20f2b0a0d1708967530cf97dec8850a9ca45baa2b","ts"
"backend/services/order-service/node_modules/@types/http-errors/LICENSE","1141","c2cfccb812fe482101a8f04597dfc5a9991a6b2748266c47ac91b6a5aae15383","unknown"
"backend/services/order-service/node_modules/@types/http-errors/package.json","1150","fdbde06957e864901648f5c27458b156a1225f46974cf57ba94ba0301cfb1f27","json"
"backend/services/order-service/node_modules/@types/http-errors/README.md","590","ad68d7a54f72770024491be10648ec35e4f40b986374a4faa2abb1070e1b9514","md"
"backend/services/order-service/node_modules/@types/mime/index.d.ts","812","d3f2d715f57df3f04bf7b16dde01dec10366f64fce44503c92b8f78f614c1769","ts"
"backend/services/order-service/node_modules/@types/mime/LICENSE","1141","c2cfccb812fe482101a8f04597dfc5a9991a6b2748266c47ac91b6a5aae15383","unknown"
"backend/services/order-service/node_modules/@types/mime/lite.d.ts","124","30b6eece63b3c9a55248a4a3155fb7292b341e3f1f400f44b01555050be505e4","ts"
"backend/services/order-service/node_modules/@types/mime/Mime.d.ts","270","27d8797aafa4074a35de181487009cb2d5f41d62b50dcebbc909d7e3da98870e","ts"
"backend/services/order-service/node_modules/@types/mime/package.json","923","1a3c1bc23ef60f394e573c88dea09e5e18dc54c380f36d065b7034d90fcf52f6","json"
"backend/services/order-service/node_modules/@types/mime/README.md","511","eb277350ab9bdcced5a84ed2dd77cd13d61f37254f7aa6319392f012703ccc2e","md"
"backend/services/order-service/node_modules/@types/node/assert.d.ts","44590","e2677634fe27e87348825bb041651e22d50a613e2fdf6a4a3ade971d71bac37e","ts"
"backend/services/order-service/node_modules/@types/node/async_hooks.d.ts","25601","8c0bcd6c6b67b4b503c11e91a1fb91522ed585900eab2ab1f61bba7d7caa9d6f","ts"
"backend/services/order-service/node_modules/@types/node/buffer.buffer.d.ts","22704","ba481bca06f37d3f2c137ce343c7d5937029b2468f8e26111f3c9d9963d6568d","ts"
"backend/services/order-service/node_modules/@types/node/buffer.d.ts","88372","8cd19276b6590b3ebbeeb030ac271871b9ed0afc3074ac88a94ed2449174b776","ts"
"backend/services/order-service/node_modules/@types/node/child_process.d.ts","66686","696eb8d28f5949b87d894b26dc97318ef944c794a9a4e4f62360cd1d1958014b","ts"
"backend/services/order-service/node_modules/@types/node/cluster.d.ts","27918","3f8fa3061bd7402970b399300880d55257953ee6d3cd408722cb9ac20126460c","ts"
"backend/services/order-service/node_modules/@types/node/console.d.ts","21255","35ec8b6760fd7138bbf5809b84551e31028fb2ba7b6dc91d95d098bf212ca8b4","ts"
"backend/services/order-service/node_modules/@types/node/constants.d.ts","816","5524481e56c48ff486f42926778c0a3cce1cc85dc46683b92b1271865bcf015a","ts"
"backend/services/order-service/node_modules/@types/node/crypto.d.ts","196548","68bd56c92c2bd7d2339457eb84d63e7de3bd56a69b25f3576e1568d21a162398","ts"
"backend/services/order-service/node_modules/@types/node/dgram.d.ts","27968","3e93b123f7c2944969d291b35fed2af79a6e9e27fdd5faa99748a51c07c02d28","ts"
"backend/services/order-service/node_modules/@types/node/diagnostics_channel.d.ts","25227","9d19808c8c291a9010a6c788e8532a2da70f811adb431c97520803e0ec649991","ts"
"backend/services/order-service/node_modules/@types/node/dns.d.ts","35556","87aad3dd9752067dc875cfaa466fc44246451c0c560b820796bdd528e29bef40","ts"
"backend/services/order-service/node_modules/@types/node/domain.d.ts","7815","f0bd7e6d931657b59605c44112eaf8b980ba7f957a5051ed21cb93d978cf2f45","ts"
"backend/services/order-service/node_modules/@types/node/events.d.ts","44280","8db0ae9cb14d9955b14c214f34dae1b9ef2baee2fe4ce794a4cd3ac2531e3255","ts"
"backend/services/order-service/node_modules/@types/node/fs.d.ts","188318","15fc6f7512c86810273af28f224251a5a879e4261b4d4c7e532abfbfc3983134","ts"
"backend/services/order-service/node_modules/@types/node/globals.d.ts","6114","6d9ef24f9a22a88e3e9b3b3d8c40ab1ddb0853f1bfbd5c843c37800138437b61","ts"
"backend/services/order-service/node_modules/@types/node/globals.typedarray.d.ts","1825","98cffbf06d6bab333473c70a893770dbe990783904002c4f1a960447b4b53dca","ts"
"backend/services/order-service/node_modules/@types/node/http.d.ts","91405","641942a78f9063caa5d6b777c99304b7d1dc7328076038c6d94d8a0b81fc95c1","ts"
"backend/services/order-service/node_modules/@types/node/http2.d.ts","129289","714435130b9015fae551788df2a88038471a5a11eb471f27c4ede86552842bc9","ts"
"backend/services/order-service/node_modules/@types/node/https.d.ts","25837","855cd5f7eb396f5f1ab1bc0f8580339bff77b68a770f84c6b254e319bbfd1ac7","ts"
"backend/services/order-service/node_modules/@types/node/index.d.ts","3967","b1810689b76fd473bd12cc9ee219f8e62f54a7d08019a235d07424afbf074d25","ts"
"backend/services/order-service/node_modules/@types/node/inspector.generated.d.ts","197533","5650cf3dace09e7c25d384e3e6b818b938f68f4e8de96f52d9c5a1b3db068e86","ts"
"backend/services/order-service/node_modules/@types/node/LICENSE","1141","c2cfccb812fe482101a8f04597dfc5a9991a6b2748266c47ac91b6a5aae15383","unknown"
"backend/services/order-service/node_modules/@types/node/module.d.ts","23396","1354ca5c38bd3fd3836a68e0f7c9f91f172582ba30ab15bb8c075891b91502b7","ts"
"backend/services/order-service/node_modules/@types/node/net.d.ts","46870","27fdb0da0daf3b337c5530c5f266efe046a6ceb606e395b346974e4360c36419","ts"
"backend/services/order-service/node_modules/@types/node/os.d.ts","19443","2d2fcaab481b31a5882065c7951255703ddbe1c0e507af56ea42d79ac3911201","ts"
"backend/services/order-service/node_modules/@types/node/package.json","4128","02929be4094207be9495fcf6b988214e604e0fb2024df5dbf3f58c3ef611c71a","json"
"backend/services/order-service/node_modules/@types/node/path.d.ts","8337","a192fe8ec33f75edbc8d8f3ed79f768dfae11ff5735e7fe52bfa69956e46d78d","ts"
"backend/services/order-service/node_modules/@types/node/perf_hooks.d.ts","38089","ca867399f7db82df981d6915bcbb2d81131d7d1ef683bc782b59f71dda59bc85","ts"
"backend/services/order-service/node_modules/@types/node/process.d.ts","98931","372413016d17d804e1d139418aca0c68e47a83fb6669490857f4b318de8cccb3","ts"
"backend/services/order-service/node_modules/@types/node/punycode.d.ts","5482","9e043a1bc8fbf2a255bccf9bf27e0f1caf916c3b0518ea34aa72357c0afd42ec","ts"
"backend/services/order-service/node_modules/@types/node/querystring.d.ts","7128","b4f70ec656a11d570e1a9edce07d118cd58d9760239e2ece99306ee9dfe61d02","ts"
"backend/services/order-service/node_modules/@types/node/readline.d.ts","25921","3bc2f1e2c95c04048212c569ed38e338873f6a8593930cf5a7ef24ffb38fc3b6","ts"
"backend/services/order-service/node_modules/@types/node/README.md","1500","2bdb487625dbf4299e5eb58b2954c184dcaa8c52c2162456f4efa4941787543d","md"
"backend/services/order-service/node_modules/@types/node/repl.d.ts","19510","f9d9d753d430ed050dc1bf2667a1bab711ccbb1c1507183d794cc195a5b085cc","ts"
"backend/services/order-service/node_modules/@types/node/sea.d.ts","6207","9eece5e586312581ccd106d4853e861aaaa1a39f8e3ea672b8c3847eedd12f6e","ts"
"backend/services/order-service/node_modules/@types/node/stream.d.ts","85558","47ab634529c5955b6ad793474ae188fce3e6163e3a3fb5edd7e0e48f14435333","ts"
"backend/services/order-service/node_modules/@types/node/string_decoder.d.ts","2812","74cf591a0f63db318651e0e04cb55f8791385f86e987a67fd4d2eaab8191f730","ts"
"backend/services/order-service/node_modules/@types/node/test.d.ts","82395","5eab9b3dc9b34f185417342436ec3f106898da5f4801992d8ff38ab3aff346b5","ts"
"backend/services/order-service/node_modules/@types/node/timers.d.ts","14568","12ed4559eba17cd977aa0db658d25c4047067444b51acfdcbf38470630642b23","ts"
"backend/services/order-service/node_modules/@types/node/tls.d.ts","59378","809821b8a065e3234a55b3a9d7846231ed18d66dd749f2494c66288d890daf7f","ts"
"backend/services/order-service/node_modules/@types/node/trace_events.d.ts","8929","ae56f65caf3be91108707bd8dfbccc2a57a91feb5daabf7165a06a945545ed26","ts"
"backend/services/order-service/node_modules/@types/node/tty.d.ts","10056","a136d5de521da20f31631a0a96bf712370779d1c05b7015d7019a9b2a0446ca9","ts"
"backend/services/order-service/node_modules/@types/node/url.d.ts","42470","c3b41e74b9a84b88b1dca61ec39eee25c0dbc8e7d519ba11bb070918cfacf656","ts"
"backend/services/order-service/node_modules/@types/node/util.d.ts","89927","4737a9dc24d0e68b734e6cfbcea0c15a2cfafeb493485e27905f7856988c6b29","ts"
"backend/services/order-service/node_modules/@types/node/v8.d.ts","34873","36d8d3e7506b631c9582c251a2c0b8a28855af3f76719b12b534c6edf952748d","ts"
"backend/services/order-service/node_modules/@types/node/vm.d.ts","46095","1ca69210cc42729e7ca97d3a9ad48f2e9cb0042bada4075b588ae5387debd318","ts"
"backend/services/order-service/node_modules/@types/node/wasi.d.ts","7942","f5ebe66baaf7c552cfa59d75f2bfba679f329204847db3cec385acda245e574e","ts"
"backend/services/order-service/node_modules/@types/node/worker_threads.d.ts","35148","ed59add13139f84da271cafd32e2171876b0a0af2f798d0c663e8eeb867732cf","ts"
"backend/services/order-service/node_modules/@types/node/zlib.d.ts","22117","b7c5e2ea4a9749097c347454805e933844ed207b6eefec6b7cfd418b5f5f7b28","ts"
"backend/services/order-service/node_modules/@types/node/assert/strict.d.ts","201","7394959e5a741b185456e1ef5d64599c36c60a323207450991e7a42e08911419","ts"
"backend/services/order-service/node_modules/@types/node/compatibility/disposable.d.ts","473","70521b6ab0dcba37539e5303104f29b721bfb2940b2776da4cc818c07e1fefc1","ts"
"backend/services/order-service/node_modules/@types/node/compatibility/index.d.ts","533","21d819c173c0cf7cc3ce57c3276e77fd9a8a01d35a06ad87158781515c9a438a","ts"
"backend/services/order-service/node_modules/@types/node/compatibility/indexable.d.ts","990","ab41ef1f2cdafb8df48be20cd969d875602483859dc194e9c97c8a576892c052","ts"
"backend/services/order-service/node_modules/@types/node/compatibility/iterators.d.ts","1303","d153a11543fd884b596587ccd97aebbeed950b26933ee000f94009f1ab142848","ts"
"backend/services/order-service/node_modules/@types/node/dns/promises.d.ts","20383","4aacb0dd020eeaef65426153686cc639a78ec2885dc72ad220be1d25f1a439df","ts"
"backend/services/order-service/node_modules/@types/node/fs/promises.d.ts","55422","58adba1a8ab2d10b54dc1dced4e41f4e7c9772cbbac40939c0dc8ce2cdb1d442","ts"
"backend/services/order-service/node_modules/@types/node/readline/promises.d.ts","6456","6e70e9570e98aae2b825b533aa6292b6abd542e8d9f6e9475e88e1d7ba17c866","ts"
"backend/services/order-service/node_modules/@types/node/stream/consumers.d.ts","1619","45650f47bfb376c8a8ed39d4bcda5902ab899a3150029684ee4c10676d9fbaee","ts"
"backend/services/order-service/node_modules/@types/node/stream/promises.d.ts","2971","37ba7b45141a45ce6e80e66f2a96c8a5ab1bcef0fc2d0f56bb58df96ec67e972","ts"
"backend/services/order-service/node_modules/@types/node/stream/web.d.ts","25437","fad4e3c207fe23922d0b2d06b01acbfb9714c4f2685cf80fd384c8a100c82fd0","ts"
"backend/services/order-service/node_modules/@types/node/timers/promises.d.ts","3780","f3ffabc95802521e1e4bcba4c88d8615176dc6e09111d920c7a213bdda6e1d65","ts"
"backend/services/order-service/node_modules/@types/node/ts5.6/buffer.buffer.d.ts","22077","a98aedd64ad81793f146d36d1611ed9ba61b8b49ff040f0d13a103ed626595d9","ts"
"backend/services/order-service/node_modules/@types/node/ts5.6/globals.typedarray.d.ts","1160","1456e80bd8a3870034d89f91bd7df12ac29acfb083e31c0bb1fb38ca7bf5fbc2","ts"
"backend/services/order-service/node_modules/@types/node/ts5.6/index.d.ts","4164","0ea329e5eab6719ff83bcb97e8bd03f1faab4feb74704010783b881fc9d80f92","ts"
"backend/services/order-service/node_modules/@types/node/web-globals/abortcontroller.d.ts","1145","1db0b7dca579049ca4193d034d835f6bfe73096c73663e5ef9a0b5779939f3d0","ts"
"backend/services/order-service/node_modules/@types/node/web-globals/domexception.d.ts","2565","9798340ffb0d067d69b1ae5b32faa17ab31b82466a3fc00d8f2f2df0c8554aaa","ts"
"backend/services/order-service/node_modules/@types/node/web-globals/events.d.ts","2871","f26b11d8d8e4b8028f1c7d618b22274c892e4b0ef5b3678a8ccbad85419aef43","ts"
"backend/services/order-service/node_modules/@types/node/web-globals/fetch.d.ts","2700","b52476feb4a0cbcb25e5931b930fc73cb6643fb1a5060bf8a3dda0eeae5b4b68","ts"
"backend/services/order-service/node_modules/@types/qs/index.d.ts","3634","f4db16820c99b6db923ab18af5fecb02331d785c4c2a8a88373a0cfc08256589","ts"
"backend/services/order-service/node_modules/@types/qs/LICENSE","1141","c2cfccb812fe482101a8f04597dfc5a9991a6b2748266c47ac91b6a5aae15383","unknown"
"backend/services/order-service/node_modules/@types/qs/package.json","1974","23512995a1b29dd02668c22666fbc14e646c14c2ef68e5f70b55f6ff80ce6b2d","json"
"backend/services/order-service/node_modules/@types/qs/README.md","803","4b90f569cb934b0d5d3df4629ce60cf252e43dfa162cecd1f895228e7012c391","md"
"backend/services/order-service/node_modules/@types/range-parser/index.d.ts","1029","2f5747b1508ccf83fad0c251ba1e5da2f5a30b78b09ffa1cfaf633045160afed","ts"
"backend/services/order-service/node_modules/@types/range-parser/LICENSE","1141","c2cfccb812fe482101a8f04597dfc5a9991a6b2748266c47ac91b6a5aae15383","unknown"
"backend/services/order-service/node_modules/@types/range-parser/package.json","805","ac8f2c398e00733a7e02dc289809f6f479ef22c0d5f0ec13cca0d1d41d4fcf92","json"
"backend/services/order-service/node_modules/@types/range-parser/README.md","1640","4fbafc0508ea5e9ccef3512c08799c823cfa700048eb62a5b28448344413faa6","md"
"backend/services/order-service/node_modules/@types/send/index.d.ts","6078","d34aa8df2d0b18fb56b1d772ff9b3c7aea7256cf0d692f969be6e1d27b74d660","ts"
"backend/services/order-service/node_modules/@types/send/LICENSE","1141","c2cfccb812fe482101a8f04597dfc5a9991a6b2748266c47ac91b6a5aae15383","unknown"
"backend/services/order-service/node_modules/@types/send/package.json","1167","272a086c477fac3ba5faeae8b11e1d904a69b4e4d551b181d295242e2772ef41","json"
"backend/services/order-service/node_modules/@types/send/README.md","620","715e6e4dc7ac6db33a6b999759e882c88782151afb53dc318de37b5a01972a12","md"
"backend/services/order-service/node_modules/@types/serve-static/index.d.ts","4680","18f1541b81b80d806120a3489af683edfb811deb91aeca19735d9bb2613e6311","ts"
"backend/services/order-service/node_modules/@types/serve-static/LICENSE","1141","c2cfccb812fe482101a8f04597dfc5a9991a6b2748266c47ac91b6a5aae15383","unknown"
"backend/services/order-service/node_modules/@types/serve-static/package.json","1398","2a02481d9aa9b31e788ceaadcdb5c4fecf5c84fbba1b01dede60d2ba48a00b69","json"
"backend/services/order-service/node_modules/@types/serve-static/README.md","814","b3a3649afaeb73d99139235a61a58d22d01cc532e39a4f5bc3de1229332dd26b","md"
"backend/services/order-service/node_modules/@types/serve-static/node_modules/@types/send/index.d.ts","7078","cb90077223cc1365fa21ef0911a1f9b8f2f878943523d97350dc557973ca3823","ts"
"backend/services/order-service/node_modules/@types/serve-static/node_modules/@types/send/LICENSE","1141","c2cfccb812fe482101a8f04597dfc5a9991a6b2748266c47ac91b6a5aae15383","unknown"
"backend/services/order-service/node_modules/@types/serve-static/node_modules/@types/send/package.json","1197","a31476489c55073704e637099c5f919b54a547b1ed80b98ed7830a7a9188aaf2","json"
"backend/services/order-service/node_modules/@types/serve-static/node_modules/@types/send/README.md","677","9b841077ff2b43d77eceddc1f03fc0dbece449ce5ff7393ecf6f371cf1f83fec","md"
"backend/services/order-service/node_modules/@types/triple-beam/index.d.ts","403","908217c4f2244ec402b73533ebfcc46d6dcd34fc1c807ff403d7f98702abb3bc","ts"
"backend/services/order-service/node_modules/@types/triple-beam/LICENSE","1141","c2cfccb812fe482101a8f04597dfc5a9991a6b2748266c47ac91b6a5aae15383","unknown"
"backend/services/order-service/node_modules/@types/triple-beam/package.json","804","c8ed1c5130fb111dfad72c99a414eeb10a3171be8076aca86307b4d80c9ca079","json"
"backend/services/order-service/node_modules/@types/triple-beam/README.md","1013","002fbdd24b4fb9cc1634a69ea28694cf1cd023178551f310c4cdb741c1dc1315","md"
"backend/services/order-service/node_modules/@types/uuid/index.d.mts","411","cabc03949aa3e7981d8643a236d8041c18c49c9b89010202b2a547ef66dc154b","mts"
"backend/services/order-service/node_modules/@types/uuid/index.d.ts","2944","7d2b7fe4adb76d8253f20e4dbdce044f1cdfab4902ec33c3604585f553883f7d","ts"
"backend/services/order-service/node_modules/@types/uuid/LICENSE","1141","c2cfccb812fe482101a8f04597dfc5a9991a6b2748266c47ac91b6a5aae15383","unknown"
"backend/services/order-service/node_modules/@types/uuid/package.json","1593","dca832e8d9eb8a3a255dae8a6dcb8fb26094b4de79f56fddf0e1ac26ca6cc7c9","json"
"backend/services/order-service/node_modules/@types/uuid/README.md","646","92e26f223ee9d7c2e46fcf6c87de3980fa295f4cee2c80ff1e35f9061693254c","md"
"backend/services/order-service/node_modules/@ungap/structured-clone/LICENSE","765","dc6d4961d8b6ee747231582ae9c53ce1d66bf76bc9f5a28f554c0e97210953bf","unknown"
"backend/services/order-service/node_modules/@ungap/structured-clone/package.json","1368","d4549d78e3008edb04ec8bdf66170f9d159ee50451d05752e27e849d8f6d15b2","json"
"backend/services/order-service/node_modules/@ungap/structured-clone/README.md","4556","2a1f5e6475222f0f99b8f68e0e4c6cac876ca9ba9c20f8e7bece2695011129d2","md"
"backend/services/order-service/node_modules/@ungap/structured-clone/structured-json.js","2648","492dceffe5c2a34e79397b0fd19e433af6aeb0c21d2c0c7cc6512fc6a186d494","js"
"backend/services/order-service/node_modules/@ungap/structured-clone/.github/workflows/node.js.yml","872","d1e61aa7fafbbcc49d7fb88a78c59ce2c10277e7eb4a3a38d8d26e355b9c0bea","yml"
"backend/services/order-service/node_modules/@ungap/structured-clone/cjs/deserialize.js","2210","580a4dba6f58a5ac01f1f06d3db03046eb71ad67c5297c554a6149661ccdd154","js"
"backend/services/order-service/node_modules/@ungap/structured-clone/cjs/index.js","941","e5a111d95e105b25a9eafe192bbf56c1d17048d69c8857d3c6bbdd64efb223ef","js"
"backend/services/order-service/node_modules/@ungap/structured-clone/cjs/json.js","754","9dd693a5a83f245d405c45cbd0f52cc40ba64ea2f8639a2fcb680d1eccff1df4","js"
"backend/services/order-service/node_modules/@ungap/structured-clone/cjs/package.json","19","fa6944a20ca5e6fbaf98fd202eb8c7004d5b4ab786e36b9ed02ee31dbe196c9f","json"
"backend/services/order-service/node_modules/@ungap/structured-clone/cjs/serialize.js","4451","bd881be8e4ec29726c11bd719f2b4480ba33510a178f54d80172a731ac942ef9","js"
"backend/services/order-service/node_modules/@ungap/structured-clone/cjs/types.js","495","360841c14b04ae1910bb4b4f95c588d3c59f465e419ec4706acada2ee2e22fd9","js"
"backend/services/order-service/node_modules/@ungap/structured-clone/esm/deserialize.js","2169","80f253017b684f20e2495db08d24d87cfa1a068bd55e01e3bd51bd40d87adac2","js"
"backend/services/order-service/node_modules/@ungap/structured-clone/esm/index.js","829","7ddb0560a1215343ca695210f659fb348ec5d93d0b0e76bbc5959f88cdc2036b","js"
"backend/services/order-service/node_modules/@ungap/structured-clone/esm/json.js","690","61305524bbc9e9bd8647db151bd82374a1354d21c3a0eafeb0b5fd93c137816b","js"
"backend/services/order-service/node_modules/@ungap/structured-clone/esm/serialize.js","4414","c5f4904eeba6e25d512c5ce836b5de962bd020acad87490d9c24fb10f0226f50","js"
"backend/services/order-service/node_modules/@ungap/structured-clone/esm/types.js","319","c0978dfc8d304b12d62aadc583977355f714ee8c1e4d1290620226fb78247800","js"
"backend/services/order-service/node_modules/accepts/HISTORY.md","5096","ef66fe7e96fee5760f153fc5059124effa5310895b336585e3a80a93c9f2d9be","md"
"backend/services/order-service/node_modules/accepts/index.js","5252","be2decbd50610e8f995c1e312ee4dd6d7c1244cfdf03ee4c4a3da68e572dada1","js"
"backend/services/order-service/node_modules/accepts/LICENSE","1167","71f83c4c0621102a56d9853812777b85751bce7e9726f686f5b056c1f8a4b0e6","unknown"
"backend/services/order-service/node_modules/accepts/package.json","1157","e5716d5d939db08c5c28ec6ae86ed67be5320f91089e2673fca1c5b876e57aa3","json"
"backend/services/order-service/node_modules/accepts/README.md","4123","c25a1071e5aa1b1b43e10f083e8d97c3dbf1f7700cfa38b5cbc40725662e1ae0","md"
"backend/services/order-service/node_modules/acorn/CHANGELOG.md","23839","6f882e0da55efd5af8b9febed241f041913547841a650971556812e541b4f1bf","md"
"backend/services/order-service/node_modules/acorn/LICENSE","1099","76a876cf886ff9be2a8b5e2e86514fed06223c8c9f0c1e9ee9606e93841e00b7","unknown"
"backend/services/order-service/node_modules/acorn/package.json","1061","705aa08b7b4fee1112244952b4843c40c381a3c7a9fc77101f369a172865bfac","json"
"backend/services/order-service/node_modules/acorn/README.md","11397","e18b969e9da9d0a547af348f2b3fa0ea29a95861aee38d07ed363fadb2580744","md"
"backend/services/order-service/node_modules/acorn/bin/acorn","60","4c3eb6f1d8932790dbff043839f8ee7686bc614a59ef577e96fed618a4a4b1b8","unknown"
"backend/services/order-service/node_modules/acorn/dist/acorn.d.mts","22016","d7c9a381dab2b83a38bae15fcf5c6e04ebac46770d4b18a05044fbe64833b73e","mts"
"backend/services/order-service/node_modules/acorn/dist/acorn.d.ts","22016","d7c9a381dab2b83a38bae15fcf5c6e04ebac46770d4b18a05044fbe64833b73e","ts"
"backend/services/order-service/node_modules/acorn/dist/acorn.js","242818","2261c5f0e4abe860e889dfc67081683a4ba4d27deb7f4cbc8ad06a1b7fdd510c","js"
"backend/services/order-service/node_modules/acorn/dist/acorn.mjs","230975","efb0124a960b34d53f9928c4926bfcfd300bb6a3d7ab64ee949b3a8bed1c7e5f","mjs"
"backend/services/order-service/node_modules/acorn/dist/bin.js","3329","fffd9df1d9158c4580068ad17c3176c34fe46f59021b8cd5780454994764dc30","js"
"backend/services/order-service/node_modules/acorn-jsx/index.d.ts","262","d6cafc03e244c41ef5a4cb90f72f98117ded1342f79269dc1fa330889f894e61","ts"
"backend/services/order-service/node_modules/acorn-jsx/index.js","15827","5ab23edca59b840bc26ba711131a5b649540b70da53d70ae1bbcdb13480c1aa1","js"
"backend/services/order-service/node_modules/acorn-jsx/LICENSE","1068","cfa72b62b9ae173078823a3796b25c027a9071046a263beddf966df67018ce06","unknown"
"backend/services/order-service/node_modules/acorn-jsx/package.json","581","5e123a5ee3b16fd10fe4b44ef70ff7885f05117fb9ae75f72a0d821f919d423d","json"
"backend/services/order-service/node_modules/acorn-jsx/README.md","1929","719df4045e9d259909523bbca9885a6029a1f1bb244133095341c8c293c39346","md"
"backend/services/order-service/node_modules/acorn-jsx/xhtml.js","4718","caf07cbe00acbbb762e60ee83dc6e1927fb2709c960bd6cca85d8a5cf77c2886","js"
"backend/services/order-service/node_modules/ajv/.tonic_example.js","439","6df193499f7d9f042775bc44c78e586f332b114bbc066aaea6f6ff5ba91dd22b","js"
"backend/services/order-service/node_modules/ajv/LICENSE","1090","e85e131fa4ed25538ff1f4962ced1fb6f68b079bd9164a790597a0f30b8fd030","unknown"
"backend/services/order-service/node_modules/ajv/package.json","3142","e49a32f08ddc384209169c76b30766d3e0764731a88cbaba92c5634875326f66","json"
"backend/services/order-service/node_modules/ajv/README.md","86876","9f4a3d6e74123a325a21efc8494cac6d01f9fe1781bcf63976a2e118260b4d89","md"
"backend/services/order-service/node_modules/ajv/dist/ajv.bundle.js","273216","f49bf8a27a25ba0e6aa9274d01481c748e344ee9a186346f5e0b8055dafeaad9","js"
"backend/services/order-service/node_modules/ajv/dist/ajv.min.js","119444","e03fc6014680bd4a07160361ed07c0c8df08e87a7aa60671dcdf3d9a77c623a3","js"
"backend/services/order-service/node_modules/ajv/dist/ajv.min.js.map","149045","f07a981066fee20dff37f1921ce0e509119ed8226f6a884e8aa348cf61ddda99","map"
"backend/services/order-service/node_modules/ajv/lib/ajv.d.ts","13331","10365e99a9a9ca531670369ee229ed129ed6cf1cfb7b4e6ee35f79943c646c33","ts"
"backend/services/order-service/node_modules/ajv/lib/ajv.js","15837","cc30899a3c8232e1183d6f4d26a54396213f68f7476c3492f783d08e25401023","js"
"backend/services/order-service/node_modules/ajv/lib/cache.js","409","e46dcc11c6e844f644ca331bf7d5caeb3ad1357ca540215da9668f6c58c6aa89","js"
"backend/services/order-service/node_modules/ajv/lib/data.js","1048","c8540b06ec80ba7ab9078d38c4818b82097a282159981f377fa283186cc64492","js"
"backend/services/order-service/node_modules/ajv/lib/definition_schema.js","872","d050d4982e55cbf963425bf8a42ab1b9d365e2a53e1cc03208a6d2b30bdfccdf","js"
"backend/services/order-service/node_modules/ajv/lib/keyword.js","3911","28b5706754b43356efd830465bb2b4b0f68e94cc56cb068020c7a96b2a432e3d","js"
"backend/services/order-service/node_modules/ajv/lib/compile/async.js","2644","4bfa8664a637f31818f9a88b5151ed7e8fd986bc0664b674654b610d5e4c80d2","js"
"backend/services/order-service/node_modules/ajv/lib/compile/equal.js","176","a32f0fd0f8794ed157804169c7a32ac9a89e2e5762d427bb2b424a70ba2be763","js"
"backend/services/order-service/node_modules/ajv/lib/compile/error_classes.js","828","dd1dec6c510cd07e796c6ba1b746cf1efc4eed57c79ef790417d50497ee9af02","js"
"backend/services/order-service/node_modules/ajv/lib/compile/formats.js","12081","ba0cde9da30782c10d237df4e3e92d32da9c3bc2d278d89b4355e4a6f540ccf7","js"
"backend/services/order-service/node_modules/ajv/lib/compile/index.js","10807","ee3290acb345cc37b1412c45d53f7d200a824eb35ec060279a25c6e703513bcc","js"
"backend/services/order-service/node_modules/ajv/lib/compile/resolve.js","7847","61735e559ac4ff73d3b5a85d0f7e7d248bf53eaa47f9fd80cb950f59a9aca80c","js"
"backend/services/order-service/node_modules/ajv/lib/compile/rules.js","2021","ee1d720ece5b85634762672652cb1daf4074ab3535da2cc8b8c002eb4dd536ba","js"
"backend/services/order-service/node_modules/ajv/lib/compile/schema_obj.js","133","42e3892ff6d470c9fb601dc7bbde42c6909fcf00c0d86fdbbab0deaf9c37b598","js"
"backend/services/order-service/node_modules/ajv/lib/compile/ucs2length.js","558","b60efae2495d93ce8db6eb79c690448038269e720d89b846bae2fc1f7ae764cc","js"
"backend/services/order-service/node_modules/ajv/lib/compile/util.js","6974","329aa7f0b435a37096f1a1c4dc8f06f56110d68d69189ad5d4809de86422f651","js"
"backend/services/order-service/node_modules/ajv/lib/dot/allOf.jst","609","ee4e6c238cfd04c4acb42d44f14547f2f2010a522784ff31085b93e4e5281dc7","jst"
"backend/services/order-service/node_modules/ajv/lib/dot/anyOf.jst","921","67bf7efc9a7d001acd1d0e635b83d9ad45fb259c5044141ed91975497304c9da","jst"
"backend/services/order-service/node_modules/ajv/lib/dot/coerce.def","1979","55a8ad7fad7aab2fbd65eaafec5cdefd3f08761b6a80969ae8321a3591143eb3","def"
"backend/services/order-service/node_modules/ajv/lib/dot/comment.jst","322","9ae60097b70de6628841168ba9013555d29bbe5aa9c3fc546cdb502d385ce536","jst"
"backend/services/order-service/node_modules/ajv/lib/dot/const.jst","280","6d2fcb0689dd1376e54321076f9808b2bf6901dca3b5308ac826f012005c02a2","jst"
"backend/services/order-service/node_modules/ajv/lib/dot/contains.jst","1188","86efacd183d38376d2fe0f1502b2d344c294a136b8219cdef4e409a0dc9028c3","jst"
"backend/services/order-service/node_modules/ajv/lib/dot/custom.jst","4945","450510c02f23ca48cf1cf98a92c3de346d8fbfb47b53da460ba5ec7e3c898c80","jst"
"backend/services/order-service/node_modules/ajv/lib/dot/defaults.def","1285","6686d2936716a9e18a2efc66bce7563e479d14fd3ab40f0d9251eaab81233ac1","def"
"backend/services/order-service/node_modules/ajv/lib/dot/definitions.def","4022","546bfcfd7846af2b218c487ec46e801efb409838b4bcd6c2a4cef843a390615a","def"
"backend/services/order-service/node_modules/ajv/lib/dot/dependencies.jst","1868","7e307f0f74f72b3ea2498787d2ddf0d32a68d2c111578697a9614d372babb7c1","jst"
"backend/services/order-service/node_modules/ajv/lib/dot/enum.jst","552","088fd6c53a93c4e4633ecf2e873340f84e94939316f64b776c9a81bb732a1ba9","jst"
"backend/services/order-service/node_modules/ajv/lib/dot/errors.def","8282","2e67bc06f4ec877190d3d52863aa6b671384ddbb99b4c8ba840df542838e0c68","def"
"backend/services/order-service/node_modules/ajv/lib/dot/format.jst","3136","8e6bc9e02190a1e1103cac4704465bcc47a4edd596f4d2eb73e39110ab83df74","jst"
"backend/services/order-service/node_modules/ajv/lib/dot/if.jst","1618","a084c8301cfa186f0460a4e88387ea3150ad52d2a114fbd11e6fbf85fc912c62","jst"
"backend/services/order-service/node_modules/ajv/lib/dot/items.jst","2610","cbc3d15b52c4169d750ff6f842208e3ccd5d8dcae6a2cff52cd4e7325ceb1e92","jst"
"backend/services/order-service/node_modules/ajv/lib/dot/missing.def","1194","bb52cb196254320b3a80782b1dac6636debcbe04bf1e48df5b81fec3886456d8","def"
"backend/services/order-service/node_modules/ajv/lib/dot/multipleOf.jst","644","34d7a719b015fd7500ac8ec31a5199775dba55ccc49a0547715d5ac0bafbcb66","jst"
"backend/services/order-service/node_modules/ajv/lib/dot/not.jst","861","6a5d0d66c1182464d9b85ff393b56830f0702c8942d9a19d42657620bb6d25a4","jst"
"backend/services/order-service/node_modules/ajv/lib/dot/oneOf.jst","1150","d1d91a376cb3383e4c595a34b596fdff9cc0fd6187879b6a86e2ea7846d2b7d3","jst"
"backend/services/order-service/node_modules/ajv/lib/dot/pattern.jst","576","7e7c04ee8ee2f1a4bcab5d65b2493a1da1fdce37f3416fe17630a54a12a97899","jst"
"backend/services/order-service/node_modules/ajv/lib/dot/properties.jst","7725","3518d27bf09a1dd4d35530681f196c9f6e1744c10cd1c632b4645ee6ca3f7969","jst"
"backend/services/order-service/node_modules/ajv/lib/dot/propertyNames.jst","1284","f306ced709b3f0d12ee9f4b863ddbb3b176b018fc577d6d9296208df8d8e2fe1","jst"
"backend/services/order-service/node_modules/ajv/lib/dot/ref.jst","2454","bdb99d7e81d98330463e10b41a08335439e3a9965dc9031c54263ee3fbc500c3","jst"
"backend/services/order-service/node_modules/ajv/lib/dot/required.jst","2868","21b390b530ac65f59eb585fbd2ace68eae8e04dfe8af9a3574e49ae07e0c1f58","jst"
"backend/services/order-service/node_modules/ajv/lib/dot/uniqueItems.jst","1696","4c2afcc9877a02b58fd00c4dc36187d3cd1e0e8ff5761ddaf1c666b7d3a25263","jst"
"backend/services/order-service/node_modules/ajv/lib/dot/validate.jst","7717","4b3ce454d8cefb6a77846f97069b812f386a312e84f1182ad38a409a6f51d0c7","jst"
"backend/services/order-service/node_modules/ajv/lib/dot/_limit.jst","3932","5a359e1fea273dc74ec451ecabb37e69330b38d65a85edca91d3d2edeeea52d6","jst"
"backend/services/order-service/node_modules/ajv/lib/dot/_limitItems.jst","353","dd288000fc1a50c87095896710e86d934cee2642a06f0d6d8337997e7419c996","jst"
"backend/services/order-service/node_modules/ajv/lib/dot/_limitLength.jst","358","9bb203beb1705c226e9e3ce22dbbca3920b6f652b1afd8a0d42cc5a6c32d9452","jst"
"backend/services/order-service/node_modules/ajv/lib/dot/_limitProperties.jst","376","a8f0f1effb40478156e2deb98f2c532cb7c75ece19df64f2d23cbdb8af3e306c","jst"
"backend/services/order-service/node_modules/ajv/lib/dotjs/allOf.js","1349","8f73c7d4242793a3b485dce5e1a46861ccb6af1935f3b7565cd7f1c71c79f70d","js"
"backend/services/order-service/node_modules/ajv/lib/dotjs/anyOf.js","2925","c6fd31c9e66cea3f16017c5cfbe6c8eb25ea8248b8520026e05ff4c5802cbe99","js"
"backend/services/order-service/node_modules/ajv/lib/dotjs/comment.js","573","7f96f44c08b52e9b4658d40fd65382dc89cf4e73116479c6211582147c4b0048","js"
"backend/services/order-service/node_modules/ajv/lib/dotjs/const.js","2113","1bcb376424595c3b2be687118bc7a2ace072cc87f31363b28892c6b28c3b160e","js"
"backend/services/order-service/node_modules/ajv/lib/dotjs/contains.js","3370","cb182b4d4e1eb540f1ab0e216165b654fd11692ad21405fc6d1a13dd14143213","js"
"backend/services/order-service/node_modules/ajv/lib/dotjs/custom.js","9770","3e42bc285568af0fa8977ce2fd14b592ff8b8716921868a46e18d4dc4e21a81b","js"
"backend/services/order-service/node_modules/ajv/lib/dotjs/dependencies.js","7720","6ec373cb168e6bfe6dcf5b4e492ac67114e4a176aaaae643d12f804e86306523","js"
"backend/services/order-service/node_modules/ajv/lib/dotjs/enum.js","2586","7ed0f983a5d98c2bf8980b04cc49d80a4a4c543b99eb4c0296e6fce84075ec9c","js"
"backend/services/order-service/node_modules/ajv/lib/dotjs/format.js","5565","652a1fb810cb4cb7b19907e58da3433336197f7c8b28db458fce75b473cd51cb","js"
"backend/services/order-service/node_modules/ajv/lib/dotjs/if.js","4159","2479d874860ae5857974d20c0d5908532c435327a70bdd982f2a747ac129eecc","js"
"backend/services/order-service/node_modules/ajv/lib/dotjs/index.js","1100","5370d6a29859f9eca7e989aabb4a377bc030af34a77960aff373478a30c26c1e","js"
"backend/services/order-service/node_modules/ajv/lib/dotjs/items.js","6214","5abe003d9fe397ac60140c8bda4890ac0ba6059e8d29876699fefc7e052dbd13","js"
"backend/services/order-service/node_modules/ajv/lib/dotjs/multipleOf.js","2807","a7331e809a6c3f968f2b8aa507ad6a6cca91eeff693e141620b8b9170a83bf4f","js"
"backend/services/order-service/node_modules/ajv/lib/dotjs/not.js","3460","6685973fcbc5a8c4271ab1c59a11a80a599c8cc919e78c3f3c899b74adcee63b","js"
"backend/services/order-service/node_modules/ajv/lib/dotjs/oneOf.js","3188","ef2d63612fdf85e16eb8af8fe9eed5151bddf394d821d6219c98aed822b23c6d","js"
"backend/services/order-service/node_modules/ajv/lib/dotjs/pattern.js","3025","6bc3e0fb7bd34cba177e1e63909314fba393e7c6c92b494ad083a64406693611","js"
"backend/services/order-service/node_modules/ajv/lib/dotjs/properties.js","15121","deddeaac1178b03ed0ef4581f5e538e57be39acb4cacd3e297627e2ed724b8f3","js"
"backend/services/order-service/node_modules/ajv/lib/dotjs/propertyNames.js","3607","55ff82517e1bf3823a43612541c75e6df74fb404beb934d8512708595f68813a","js"
"backend/services/order-service/node_modules/ajv/lib/dotjs/README.md","149","30eeee72a46d849c941e3e9446e0bca66ed905a72ade2716119ef26c14c0dac9","md"
"backend/services/order-service/node_modules/ajv/lib/dotjs/ref.js","4711","efdf5f24dd240a9aa6cd9cd757b82e7b7cb3d2d9c21730734516223fcb416021","js"
"backend/services/order-service/node_modules/ajv/lib/dotjs/required.js","12395","71411bc4c49c0a9bf1ee7e86758b400955015346801cbe3cec1d2e2ee0db94e0","js"
"backend/services/order-service/node_modules/ajv/lib/dotjs/uniqueItems.js","3694","5c5a4de99d43a2afc530ef356f97d9d64420dad276c7c2302763a122df4a48bd","js"
"backend/services/order-service/node_modules/ajv/lib/dotjs/validate.js","20018","f0f8768cf0d5707a35b1524259483d146aa5f8ab55c8f0e43b06dc96e218576d","js"
"backend/services/order-service/node_modules/ajv/lib/dotjs/_limit.js","7395","1cf617f09077f153168137651a53abc2088d80591d5d577e276d1b7023523ba1","js"
"backend/services/order-service/node_modules/ajv/lib/dotjs/_limitItems.js","2704","a20128ce95a4267bc026f72da633d8f81f23d5d6d664a5503529279b1fe98574","js"
"backend/services/order-service/node_modules/ajv/lib/dotjs/_limitLength.js","2825","abc90262f31f548f6593855e82cbea1a0a5d7199a511c43e766357af39af93cc","js"
"backend/services/order-service/node_modules/ajv/lib/dotjs/_limitProperties.js","2742","36c8b6512cc53fe730990c9cdc0d9da2fbbfb10b9a60d96ac3b35d75ef66503b","js"
"backend/services/order-service/node_modules/ajv/lib/refs/data.json","551","c99e189cc843d5c835a0b8d6059cd33d7330d31ae99d8d7c99d307e0b38bd1a8","json"
"backend/services/order-service/node_modules/ajv/lib/refs/json-schema-draft-04.json","4357","e1489d0b4755f02793302591d3fcb8f07b6893a82a94f24895f8e4edf11b82e2","json"
"backend/services/order-service/node_modules/ajv/lib/refs/json-schema-draft-06.json","4445","47a0be9bec080b114a30a83d99143610838369aadba28ab1e27e29f2bab96646","json"
"backend/services/order-service/node_modules/ajv/lib/refs/json-schema-draft-07.json","4879","7f5fd717194bd954bbb04c833f6116f727d899c7bc977c26abcb2607aa51d66a","json"
"backend/services/order-service/node_modules/ajv/lib/refs/json-schema-secure.json","2572","27a688d91d55baab0d04b84eddc76d6e325683643c62ab843f639344d5e218e1","json"
"backend/services/order-service/node_modules/ajv/scripts/.eslintrc.yml","62","814c6f190dd9e82d2bd59ed462347d2368b5d1319176976c8e873ad5b941c0fd","yml"
"backend/services/order-service/node_modules/ajv/scripts/bundle.js","1795","572324063ceb1b1a6c80658110863b0dfe75d7d801030f5fd1838c8519d29264","js"
"backend/services/order-service/node_modules/ajv/scripts/compile-dots.js","2431","80618e4ac58cddc6a0c8989b3b29534ff1f32c279ba385332bdffdbe96380eb2","js"
"backend/services/order-service/node_modules/ajv/scripts/info","289","ac6b35ca053000ddd18d728d182ca6d28fe557396ec2150f5cc7206f2564c182","unknown"
"backend/services/order-service/node_modules/ajv/scripts/prepare-tests","269","e14b646f4624b96e46c8d61806d89cbe1cddab78c2429d3f71f2a6f1a1548c13","unknown"
"backend/services/order-service/node_modules/ajv/scripts/publish-built-version","842","b1db1ae1a4ed95c48fbee1e9bc3b5dfed1ed74d9075fcb6b20989a4cf66d33c1","unknown"
"backend/services/order-service/node_modules/ajv/scripts/travis-gh-pages","874","a237607f9992de6e13a77c10a05557cd071425b7bdb6341578b0b83da3d07264","unknown"
"backend/services/order-service/node_modules/ansi-regex/index.d.ts","744","a902326b04490db2b99a85e58e0acb14a437ca7e2231e9adfb2fa91acdcc365c","ts"
"backend/services/order-service/node_modules/ansi-regex/index.js","350","c92312790eb1f246b7c4c1fe9c1247b15441bbca3c6cb64d167beefc45302753","js"
"backend/services/order-service/node_modules/ansi-regex/license","1109","48da2f39e100d4085767e94966b43f4fa95ff6a0698fba57ed460914e35f94a0","unknown"
"backend/services/order-service/node_modules/ansi-regex/package.json","841","8b2dc166f2b74d5098bad38bdd3dd2f4d4775c626199872f5e36dbb48c40931d","json"
"backend/services/order-service/node_modules/ansi-regex/readme.md","2565","3ebc0f845b1bab50600f823716040fbec355d3c356a3a76b8eb9eb593b6c7a3a","md"
"backend/services/order-service/node_modules/ansi-styles/index.d.ts","6349","6b5a49a699ffbccce553dead6c39d3b10a896f78869ef5507d30dfcdbf6f0977","ts"
"backend/services/order-service/node_modules/ansi-styles/index.js","4139","d3f197d370760ddd8753c1355b4bdb585a787f1baa92bb8ed217f170c138b594","js"
"backend/services/order-service/node_modules/ansi-styles/license","1109","48da2f39e100d4085767e94966b43f4fa95ff6a0698fba57ed460914e35f94a0","unknown"
"backend/services/order-service/node_modules/ansi-styles/package.json","1054","d405f010681d53f77691015e98461f8484b2afe6a9edfdd2ddb27b1e8a8e883d","json"
"backend/services/order-service/node_modules/ansi-styles/readme.md","4327","5331953ca5464ee026f09bd413dfe0949049ce9a8bf2b01aad5c41b2712e66ac","md"
"backend/services/order-service/node_modules/argparse/argparse.js","129714","2e73e7a3167ba840dbcf41feeafc3544a3e2b39220b5e997133c519861febf16","js"
"backend/services/order-service/node_modules/argparse/CHANGELOG.md","5966","c3f89be070b29b2db49d6ecee73e5e2a50dd32e8b68dc9a8ca1a959fc14fe451","md"
"backend/services/order-service/node_modules/argparse/LICENSE","12775","de4d1f2d2ad5ad0cfd1657a106476b31cb5db5ef9d1ff842b237c0c81f0c8a23","unknown"
"backend/services/order-service/node_modules/argparse/package.json","682","688bace28e14392b3a1c4137eb56bc48b684dbf5cb56278ed7056cd2ece07990","json"
"backend/services/order-service/node_modules/argparse/README.md","2768","44161d4e4baf71c745a327a5d05ee4a762c3004db5453aca221e3d0a3fa52ba6","md"
"backend/services/order-service/node_modules/argparse/lib/sub.js","2252","2bc4ef9e87c47f1a4e0cfcb3706d886e0d73edce88149e300d2364066f396ed6","js"
"backend/services/order-service/node_modules/argparse/lib/textwrap.js","17391","2550466c9a0425fa583a70e25bb93e190fe09b61f7de4861ea8ec54b7b899db0","js"
"backend/services/order-service/node_modules/array-flatten/array-flatten.js","1195","766ca145b6d25e3d60f352a716e8fa1876bcdf362c0767c360cf24f335bc281e","js"
"backend/services/order-service/node_modules/array-flatten/LICENSE","1103","4eeb3271453a891df609e5a9f4ee79a68307f730c13417a3bfeffa604ac8cf25","unknown"
"backend/services/order-service/node_modules/array-flatten/package.json","879","5c5e0e10cfa23f163d1fe68aa57a881d09cac39d720e1361c697b86c4d33e0f5","json"
"backend/services/order-service/node_modules/array-flatten/README.md","1245","071dd896356da12269508f361958ec622e47b27a96d7efdba23b671bc3470416","md"
"backend/services/order-service/node_modules/async/all.js","3559","ece0cc0d74146d57247415a3b4adcaa6fd807150489d60eeb6bfbfb656469b2c","js"
"backend/services/order-service/node_modules/async/allLimit.js","1751","98a3b10fe47ff3c6badee2bff517542fd191af1b9eb2026663e1be5290053e07","js"
"backend/services/order-service/node_modules/async/allSeries.js","1645","220c55b8ff121b0be9407af3bfc9df6d663b45d9ddef78bffa2314ad5c623de6","js"
"backend/services/order-service/node_modules/async/any.js","3803","7700408ab16a80d509d14c0de299547fef3877915232c6af2c4a5c106f148c38","js"
"backend/services/order-service/node_modules/async/anyLimit.js","1786","e8cf3c5eac466034ee0e2aeb4db77650b5c653889e95f471df548a789747cc5e","js"
"backend/services/order-service/node_modules/async/anySeries.js","1680","0f52489058f5c9f0ec97cd11c042d50cf53aa949880d7beca337f47df1edc4c7","js"
"backend/services/order-service/node_modules/async/apply.js","217","9d5d3342e361ff24873c1bff1d6474812d291575cdbbf8af06d340c8a6f1309f","js"
"backend/services/order-service/node_modules/async/applyEach.js","1988","5d4cf954ce80b6d37a55034e7e0789b0b8073468fd2c541e9edc2d2058ad3bf5","js"
"backend/services/order-service/node_modules/async/applyEachSeries.js","1302","aa83741bfa2ed9da1df553a70c641fb19375eb967d4ddf4d16b8fc61c55a8c1d","js"
"backend/services/order-service/node_modules/async/asyncify.js","3762","0628f63dc3de8c6a56c9b889f5d917be83c3e0d7dafa7baf320334b0d126541f","js"
"backend/services/order-service/node_modules/async/auto.js","11853","4b54bfadbc2a4b690d3e250fb406083dc69802df5aa17f33bfb35f90bda749f6","js"
"backend/services/order-service/node_modules/async/autoInject.js","7099","73f801d67ef1735460c02c471a70766f0db15404d9d78d06bb2ba65a08df26d9","js"
"backend/services/order-service/node_modules/async/bower.json","239","a3e2209912611b3f28ada407deac23712a8c3702ca53b1ee0569a613d4c6f227","json"
"backend/services/order-service/node_modules/async/cargo.js","2746","88f034f93f3efbaa7b2a4be811e30d42ddaa4ea4623f3785bd7c45b0508d5c21","js"
"backend/services/order-service/node_modules/async/cargoQueue.js","3352","063f1679853f740cd6a32f6e08d7f4af04c18b6a6d045d6cad7c63a49590a99a","js"
"backend/services/order-service/node_modules/async/CHANGELOG.md","33481","37ebdccdad8f7e278984ceee3726c99965503dbbaf89944168e13540901866d6","md"
"backend/services/order-service/node_modules/async/compose.js","1565","e87736652999f7592941465d03e712ae9ead008869320094b977de7f58146270","js"
"backend/services/order-service/node_modules/async/concat.js","3652","26f3802a5bdfd61c0399af03be9204aa586be92bb2c95c1421931c69a1d87b72","js"
"backend/services/order-service/node_modules/async/concatLimit.js","2093","8e775e622b013f97df901c645ea2f4578c3b1ec5b13e5fee1987ffab7504915f","js"
"backend/services/order-service/node_modules/async/concatSeries.js","1474","189424989549400d0a613fa35b57a68c5901a18d8fe325aa00ee9f1412de5e96","js"
"backend/services/order-service/node_modules/async/constant.js","302","97171ea858a4434c342f0b2e6c249e829bd8be44dc90850e80efb817b8a5ff53","js"
"backend/services/order-service/node_modules/async/detect.js","3249","f50044041f6a089431d6ebfe3d9f666a9a7b67bdb1532b97a9291a649fb3928c","js"
"backend/services/order-service/node_modules/async/detectLimit.js","1835","d7a1395404393b729f25345d4a43c969ca711a7b042a8712b6d5ce6c7cd68575","js"
"backend/services/order-service/node_modules/async/detectSeries.js","1741","169f721ce1b3aa747caa3f7add0e7d26a91378595fa9367196f93aad0ee7705a","js"
"backend/services/order-service/node_modules/async/dir.js","1296","880a4f561c015a01f8c98b7fd08849a292e2bee43675bbd842a25e4ac46093e6","js"
"backend/services/order-service/node_modules/async/doDuring.js","2300","267e731964b0d71474fe06f665432debec0c78f7ee1ce232ad9e5c6d8c389c1d","js"
"backend/services/order-service/node_modules/async/doUntil.js","1703","e4902672caaedc9dd0ee81be1a91c96e70d472f8c11631c6afee80150c40b481","js"
"backend/services/order-service/node_modules/async/doWhilst.js","2300","267e731964b0d71474fe06f665432debec0c78f7ee1ce232ad9e5c6d8c389c1d","js"
"backend/services/order-service/node_modules/async/during.js","2338","5b9192cc7833079cdc4d5c1d897c2191aa134fd5d88f5d6e035a9ad69e5e0853","js"
"backend/services/order-service/node_modules/async/each.js","4025","5a1dfc4bc3096bed90f675b27736f5a80ed3f177265de5a07df44bf20080c8db","js"
"backend/services/order-service/node_modules/async/eachLimit.js","1790","c0366d3776f47598248e7dc9a5d1ee36ad02d0d648e9cc83b7c03c0051bdb1a1","js"
"backend/services/order-service/node_modules/async/eachOf.js","5743","4c8f997f3cb81051d648dc5c0cb829e9ee611e2cdd1b5671c69ffedaae73b8a4","js"
"backend/services/order-service/node_modules/async/eachOfLimit.js","1638","43d0cb900a16f8bfac4e49f2f56d31d857e05fab606e43aa98bbe63e9db86b59","js"
"backend/services/order-service/node_modules/async/eachOfSeries.js","1330","730454bff9052033077d0f9441be713cfd6584d80ee0c9bdf9f65f61a823dea2","js"
"backend/services/order-service/node_modules/async/eachSeries.js","1576","07ea59fb5831a4c734add3e442113afe1ac4d17bf36dca6320c14f39091288ec","js"
"backend/services/order-service/node_modules/async/ensureAsync.js","2311","0cca23f0d1d562f7820299e95239dfeefa061e33be8f2ad8c7d585f67341ab93","js"
"backend/services/order-service/node_modules/async/every.js","3559","ece0cc0d74146d57247415a3b4adcaa6fd807150489d60eeb6bfbfb656469b2c","js"
"backend/services/order-service/node_modules/async/everyLimit.js","1751","98a3b10fe47ff3c6badee2bff517542fd191af1b9eb2026663e1be5290053e07","js"
"backend/services/order-service/node_modules/async/everySeries.js","1645","220c55b8ff121b0be9407af3bfc9df6d663b45d9ddef78bffa2314ad5c623de6","js"
"backend/services/order-service/node_modules/async/filter.js","2898","22af11a7e645ce1a454d549d9a6e7511f20a998a851fae764206b3be1788bd94","js"
"backend/services/order-service/node_modules/async/filterLimit.js","1655","de6aab82cc6c3a6c9c77359baed211cc3a8d685706c2b845d7a0a110673f0409","js"
"backend/services/order-service/node_modules/async/filterSeries.js","1547","60fc48325c9f8e05b800c710e9581f957b676b0a19bf44bdf8fa7e8d8558fbcd","js"
"backend/services/order-service/node_modules/async/find.js","3249","f50044041f6a089431d6ebfe3d9f666a9a7b67bdb1532b97a9291a649fb3928c","js"
"backend/services/order-service/node_modules/async/findLimit.js","1835","d7a1395404393b729f25345d4a43c969ca711a7b042a8712b6d5ce6c7cd68575","js"
"backend/services/order-service/node_modules/async/findSeries.js","1741","169f721ce1b3aa747caa3f7add0e7d26a91378595fa9367196f93aad0ee7705a","js"
"backend/services/order-service/node_modules/async/flatMap.js","3652","26f3802a5bdfd61c0399af03be9204aa586be92bb2c95c1421931c69a1d87b72","js"
"backend/services/order-service/node_modules/async/flatMapLimit.js","2093","8e775e622b013f97df901c645ea2f4578c3b1ec5b13e5fee1987ffab7504915f","js"
"backend/services/order-service/node_modules/async/flatMapSeries.js","1474","189424989549400d0a613fa35b57a68c5901a18d8fe325aa00ee9f1412de5e96","js"
"backend/services/order-service/node_modules/async/foldl.js","4878","f1e4594194164d2504946c85c8e983346b25f9be8239178defec27e912b56c21","js"
"backend/services/order-service/node_modules/async/foldr.js","1501","208fc2365801877db94f1a64ea205783809a8852786e9e638898f26d6cb23c89","js"
"backend/services/order-service/node_modules/async/forEach.js","4025","5a1dfc4bc3096bed90f675b27736f5a80ed3f177265de5a07df44bf20080c8db","js"
"backend/services/order-service/node_modules/async/forEachLimit.js","1790","c0366d3776f47598248e7dc9a5d1ee36ad02d0d648e9cc83b7c03c0051bdb1a1","js"
"backend/services/order-service/node_modules/async/forEachOf.js","5743","4c8f997f3cb81051d648dc5c0cb829e9ee611e2cdd1b5671c69ffedaae73b8a4","js"
"backend/services/order-service/node_modules/async/forEachOfLimit.js","1638","43d0cb900a16f8bfac4e49f2f56d31d857e05fab606e43aa98bbe63e9db86b59","js"
"backend/services/order-service/node_modules/async/forEachOfSeries.js","1330","730454bff9052033077d0f9441be713cfd6584d80ee0c9bdf9f65f61a823dea2","js"
"backend/services/order-service/node_modules/async/forEachSeries.js","1576","07ea59fb5831a4c734add3e442113afe1ac4d17bf36dca6320c14f39091288ec","js"
"backend/services/order-service/node_modules/async/forever.js","2118","ce5e566a38373efe090b6dfbaaa529a7886654286a277c6c6aa8d976b4cee239","js"
"backend/services/order-service/node_modules/async/groupBy.js","3598","32a024ba5c5170fe1af90665403ae80914aa184cacdc00c061311b10197f9724","js"
"backend/services/order-service/node_modules/async/groupByLimit.js","2446","1e3de1a424a8f0f97bc030014e2207a003a385330ac32c7ce6cdf8a625662b7d","js"
"backend/services/order-service/node_modules/async/groupBySeries.js","1331","e85dbbcccda4e1cc348789d01e84559e23399ec77da3375afad8dd39181792fa","js"
"backend/services/order-service/node_modules/async/index.js","19940","174504a98b724c9a4a03c491386d3a9516eacd61e733a72030a5c3fc6afff01a","js"
"backend/services/order-service/node_modules/async/inject.js","4878","f1e4594194164d2504946c85c8e983346b25f9be8239178defec27e912b56c21","js"
"backend/services/order-service/node_modules/async/LICENSE","1063","d9fed24f132985934fca621c4dc1dfb53e03377a24d0568d424383d7eaa9c0ac","unknown"
"backend/services/order-service/node_modules/async/log.js","1196","7880b6433c6bf91a8eb004475684624ec445acd270c683da07cf42a0e519c908","js"
"backend/services/order-service/node_modules/async/map.js","4596","b7e9df68aff620bfd709c7a6934fe086643f0eb528d32d39b9819d2f29c8c99f","js"
"backend/services/order-service/node_modules/async/mapLimit.js","1620","2c21d5208e190d56ee72c47b79a4ae6da60197a225be9c10d2e5e75a555c5d90","js"
"backend/services/order-service/node_modules/async/mapSeries.js","1515","cb2c9adff50e1c93b3bff0c0a4a30203a4a28f5b59b06015d95df837372f5c8b","js"
"backend/services/order-service/node_modules/async/mapValues.js","4590","f809babac830764488f7a59e375f617b0b4d65b2039b1a10b86dd241f2fad3c5","js"
"backend/services/order-service/node_modules/async/mapValuesLimit.js","2117","50dd4f4fd628d866f1969b9d782a87e7a24ab37361179ebfa8bd3d976cfa9d5c","js"
"backend/services/order-service/node_modules/async/mapValuesSeries.js","1378","26c07969b9243b82b0495b12103fadb805ad6debabac3a92a9b551aad36c2c32","js"
"backend/services/order-service/node_modules/async/memoize.js","3070","7698260864e894d14a1df752683eabd2be92f3a0c77834569ac410c55750e00f","js"
"backend/services/order-service/node_modules/async/nextTick.js","1475","63cfabcc03912f7fc95ff41151f5742563f7b9daafeddf6df55db17ac9b5e475","js"
"backend/services/order-service/node_modules/async/package.json","2203","e010fe63aa861e8a60fb8b9d3e7fb5205e3b8d6001ebe3ff95985996abe581a9","json"
"backend/services/order-service/node_modules/async/parallel.js","5574","22d2482549b03733e8b17628310f47de7125ed4ab563b2909ec5687d4ff391d8","js"
"backend/services/order-service/node_modules/async/parallelLimit.js","1511","9a04f8423a114c95fa6495b11752422c27e6cec0b23a6d020b24f5fd71e3d9ba","js"
"backend/services/order-service/node_modules/async/priorityQueue.js","1442","94d8c234c7afb36594d85e269cd9ee1658670a0f226479c2f4278bf8aa695bb5","js"
"backend/services/order-service/node_modules/async/queue.js","626","a6bfdec06514c3aad59877c955650484549e7a064eccc69d9fba9d99f56752e1","js"
"backend/services/order-service/node_modules/async/race.js","2132","62113d91a847ab782b566f81fcc18a24fa6fc3faff6e80d5b35efbe9ea66b2a8","js"
"backend/services/order-service/node_modules/async/README.md","3217","b058d91c74aa7b0b3c0dab88eba04aacfbaba5f1ed3e64bc5ec41320ebbd8534","md"
"backend/services/order-service/node_modules/async/reduce.js","4878","f1e4594194164d2504946c85c8e983346b25f9be8239178defec27e912b56c21","js"
"backend/services/order-service/node_modules/async/reduceRight.js","1501","208fc2365801877db94f1a64ea205783809a8852786e9e638898f26d6cb23c89","js"
"backend/services/order-service/node_modules/async/reflect.js","2266","8768cd08c4a162c46ebd6baf95fe450c3755096dd9bf2a2c60aed82cba25a1cf","js"
"backend/services/order-service/node_modules/async/reflectAll.js","2449","4d43aeabf089d7c98479bc29b29c9b557e281acb8c6e01b32d6c78ec1e15f1b7","js"
"backend/services/order-service/node_modules/async/reject.js","2676","9ba2b7c360fc5feb1042eff789da432a4612b9489e83de29caabf300236a99b9","js"
"backend/services/order-service/node_modules/async/rejectLimit.js","1578","8c787ca4a475033406fda243c8de26a98abd8793fa222c3d3ca465a0b2a5eeac","js"
"backend/services/order-service/node_modules/async/rejectSeries.js","1470","aa6daba31038ca0ecd3aeb170b3332a822420bf54299e4c4b67a13007920c838","js"
"backend/services/order-service/node_modules/async/retry.js","5524","186654a2ff0a12804d91e51d14603dbd6a89340292a4e6a4a41267f641b35526","js"
"backend/services/order-service/node_modules/async/retryable.js","2535","59747ab3bfbf1053708dddc4404c4ee3392adda6347ef69023b9d7d265e53c9d","js"
"backend/services/order-service/node_modules/async/select.js","2898","22af11a7e645ce1a454d549d9a6e7511f20a998a851fae764206b3be1788bd94","js"
"backend/services/order-service/node_modules/async/selectLimit.js","1655","de6aab82cc6c3a6c9c77359baed211cc3a8d685706c2b845d7a0a110673f0409","js"
"backend/services/order-service/node_modules/async/selectSeries.js","1547","60fc48325c9f8e05b800c710e9581f957b676b0a19bf44bdf8fa7e8d8558fbcd","js"
"backend/services/order-service/node_modules/async/seq.js","2653","7fd84b82b9754a16cb0e0834456423dad01d727e4c8e51d46c4f419101280b62","js"
"backend/services/order-service/node_modules/async/series.js","5823","b35c043a6a40afa03fd4793a712682b75678fc291d1a3412d63a16f1b2f59f6e","js"
"backend/services/order-service/node_modules/async/setImmediate.js","1391","4e5e13909ed5174ba0ac692be19a02d32676be4e138ae86bae4127b71e8f9d8c","js"
"backend/services/order-service/node_modules/async/some.js","3803","7700408ab16a80d509d14c0de299547fef3877915232c6af2c4a5c106f148c38","js"
"backend/services/order-service/node_modules/async/someLimit.js","1786","e8cf3c5eac466034ee0e2aeb4db77650b5c653889e95f471df548a789747cc5e","js"
"backend/services/order-service/node_modules/async/someSeries.js","1680","0f52489058f5c9f0ec97cd11c042d50cf53aa949880d7beca337f47df1edc4c7","js"
"backend/services/order-service/node_modules/async/sortBy.js","6210","75250c494c4d3368b4c2ae356f33b2b6521eecbf4f52a88cd94f90fb6cc3aa26","js"
"backend/services/order-service/node_modules/async/timeout.js","2755","b0ce54cea5b8c08a9c67387b17abbe76b241eab9e0fb4c48c1692a3807873dbf","js"
"backend/services/order-service/node_modules/async/times.js","1487","45dc4c88cad37a0724593709a4794c3ebe1f25a2fc1c58c7188fb2b0616703dd","js"
"backend/services/order-service/node_modules/async/timesLimit.js","1451","1fd7ccc7327c02ff3abea81ee4811f6b13766b50ad0ab534f192da15e7803d19","js"
"backend/services/order-service/node_modules/async/timesSeries.js","1061","4d915969a2a219d474353ece79cc63dcd3b16ce1ab574b89546fdb8000035347","js"
"backend/services/order-service/node_modules/async/transform.js","5563","92dcd28400e65b4ec2bac9db4c701cce132e7f8d97f8d53a1f07921a7da396b4","js"
"backend/services/order-service/node_modules/async/tryEach.js","2540","b14208918c94cb5749e64333cb35f0305de205a58c82033a3f16b53c8f0e1472","js"
"backend/services/order-service/node_modules/async/unmemoize.js","665","f080266b07c995574a78c20635ae1388f5a4b79e195d01e1fae1591e6755f642","js"
"backend/services/order-service/node_modules/async/until.js","2080","db45df789b216402303afb50c99472e54ea6fd9e9e6d5d25cf8b3ad1c0526036","js"
"backend/services/order-service/node_modules/async/waterfall.js","3203","5e285cac6fd7a72f91fd817445e848e14df0a75e5f65cb75176cab9ae8351053","js"
"backend/services/order-service/node_modules/async/whilst.js","2338","5b9192cc7833079cdc4d5c1d897c2191aa134fd5d88f5d6e035a9ad69e5e0853","js"
"backend/services/order-service/node_modules/async/wrapSync.js","3762","0628f63dc3de8c6a56c9b889f5d917be83c3e0d7dafa7baf320334b0d126541f","js"
"backend/services/order-service/node_modules/async/dist/async.js","224884","9f42975430301fd7d3d672036a4213f2b160fc4002f952223ad4ab72efea7a3a","js"
"backend/services/order-service/node_modules/async/dist/async.min.js","21804","b83cd6b669b52bf5c137cd4db0a437771a74285de3cfb5cf3bc1775800345a18","js"
"backend/services/order-service/node_modules/async/dist/async.mjs","200300","b16dfa501a9e86dc70b008f6268753c7c78a3ca1f93531deb93a6a81648809e2","mjs"
"backend/services/order-service/node_modules/async/internal/applyEach.js","783","08353c756b62ed7c5c0a63079fde6fb6bbfe132071e09bb6d303566035d3c2b2","js"
"backend/services/order-service/node_modules/async/internal/asyncEachOfLimit.js","1976","bc8d20ebdb18753e502a78ff139d76951b529713f804d1dcb5cae0f3fb56205b","js"
"backend/services/order-service/node_modules/async/internal/awaitify.js","816","5bd21cd1d746b6a06caddddbc6ca0f9aa1376634470bfffb676ca17aacb0467a","js"
"backend/services/order-service/node_modules/async/internal/breakLoop.js","254","8b6c6a5bf543b89997b244fba5ec7d4b733e6e29449e78ed51e9ccc2be229d74","js"
"backend/services/order-service/node_modules/async/internal/consoleFunc.js","919","a38668a51cb833918d4594a2d5003c1ff68045d19e9498b83b754a859e24d7da","js"
"backend/services/order-service/node_modules/async/internal/createTester.js","1228","0d718728fd476b484f4fae7dfda1ed7cf209038b519bfe955578267809e57c23","js"
"backend/services/order-service/node_modules/async/internal/DoublyLinkedList.js","2282","2a9977972e066e21f02c46ce576f03089bfeaaa7bbec6f4d1a11dd30738863d0","js"
"backend/services/order-service/node_modules/async/internal/eachOfLimit.js","2638","5e6cbfb4e56b6166ba1e3d0c62ac26e6ff183b6c970b58b7a4bfa3fd41640ed4","js"
"backend/services/order-service/node_modules/async/internal/filter.js","1620","bb76f967451555a8d94282523eb321db381279171653eb593162e311656b3676","js"
"backend/services/order-service/node_modules/async/internal/getIterator.js","217","05db5726b09a9366732c411d7944916522af793a7bdf95e2190b61fe1bda9638","js"
"backend/services/order-service/node_modules/async/internal/Heap.js","2497","d6a4ddc1277f7d492a7b3dc7b1ab814926892fc39e51056eda816e4004823f10","js"
"backend/services/order-service/node_modules/async/internal/initialParams.js","289","009ac06c7b4cab7157a10e336754b1697340d01d029c589008fde8e80623d0f4","js"
"backend/services/order-service/node_modules/async/internal/isArrayLike.js","279","05c01bdf61b44973fbd4457b3d2702bdd5ef0cf8f197f27ff3117e7c406963b2","js"
"backend/services/order-service/node_modules/async/internal/iterator.js","1460","8311afa4b7487c080f0e45fc51744c822eb6930b9506693164acca2702431c31","js"
"backend/services/order-service/node_modules/async/internal/map.js","761","814a993ca0d85549cb14bc97d075b10f6f2d90372e233b4ab8527749869c58a6","js"
"backend/services/order-service/node_modules/async/internal/once.js","362","d11ac11817b97fd866e04c856241e414a915409204931a60e70e4b64e4ba8246","js"
"backend/services/order-service/node_modules/async/internal/onlyOnce.js","360","95c4df1459d37b3c9b3c6f65e578cd52bed41e713972a94a467efe32ab0c2fd1","js"
"backend/services/order-service/node_modules/async/internal/parallel.js","962","bbceb4143dda7d965323c8f4031280b6f919d8adb00d628b9dad26c99eb63c98","js"
"backend/services/order-service/node_modules/async/internal/promiseCallback.js","532","76444d81f4bc877e2f71a0f7212406cec3f39f9a4095b5666bca3eaf3e2dfe27","js"
"backend/services/order-service/node_modules/async/internal/queue.js","8522","930b81af4dd73ad9bf01de684d9a14491b099b05104966d48fa69d8cc2cf0a81","js"
"backend/services/order-service/node_modules/async/internal/range.js","270","823cde2dcafb78b3e7a9e8455db7b20e5681228cb389dd15e7aa2b46b6de9de5","js"
"backend/services/order-service/node_modules/async/internal/reject.js","695","45bf60139b6b993bf34141b964adcae20d03b48ffd987752edbbae01e0ca7bdc","js"
"backend/services/order-service/node_modules/async/internal/setImmediate.js","857","a7bae3e9dc3defce3e3a4b1ceac0adb981e86078850724741daf089407873afe","js"
"backend/services/order-service/node_modules/async/internal/withoutIndex.js","251","c0d58b93d19b3d7f3acde2f4b6506ce48c2ab84b0416285a53c4a0fb8c7e858d","js"
"backend/services/order-service/node_modules/async/internal/wrapAsync.js","955","e14601e3e481b4d24d612c91008397f94872dd735a10328afb1141bbaaee0383","js"
"backend/services/order-service/node_modules/balanced-match/index.js","1219","06e4d0037715251cb3be2b2db063662f555b3538d9e30a9c517a54374d941cbc","js"
"backend/services/order-service/node_modules/balanced-match/LICENSE.md","1096","a1bd5deadb6a06dd74efa852c1b8b23f63b67f2214fbe9c8bd591da51da69268","md"
"backend/services/order-service/node_modules/balanced-match/package.json","1069","b30c328501dead1870b894ad604405b2284b571c1f12664cdc61d92a2e3397c2","json"
"backend/services/order-service/node_modules/balanced-match/README.md","3502","428832d502fb64fc3a5c1b58e55d7aae4cceb97418f6e3813b2a923e4905b07e","md"
"backend/services/order-service/node_modules/balanced-match/.github/FUNDING.yml","53","dda068232e4c62c70475945b843a5e1158cb6f1dd0cf64262db6b9e5a14b74cc","yml"
"backend/services/order-service/node_modules/body-parser/HISTORY.md","16893","88b02eb84f01fb14b184bc957e9ab572dc55dde9bb701eed0d6793923085939f","md"
"backend/services/order-service/node_modules/body-parser/index.js","2681","9c6c900e7e85fb599c62d9b9e4dfd2ea2f61d119dce5ed69ac3a8da828819241","js"
"backend/services/order-service/node_modules/body-parser/LICENSE","1172","23d466b1b134b415b66fa50c6526b4cf3e7b9258554da88d3abb371721e7ce68","unknown"
"backend/services/order-service/node_modules/body-parser/package.json","1461","7809b7346fa45cb942a012e9b006b735014d09242eeb47056520aab90d210121","json"
"backend/services/order-service/node_modules/body-parser/README.md","19180","80695d7f01d96c75a55d3b83f989ee421fcc3bdd8dfc973409d5dfc5eb9767ef","md"
"backend/services/order-service/node_modules/body-parser/lib/read.js","4325","1e9e274755366c39ae70e8b9a7a42fc12219566e67efaf9b7ebc2a8b337f5b6b","js"
"backend/services/order-service/node_modules/body-parser/lib/types/json.js","5299","44f8b529333004e2aaff6db3a1dbe7068f1ac5fa1173e9634686a78c2262af35","js"
"backend/services/order-service/node_modules/body-parser/lib/types/raw.js","1884","4e9cc80a7ee8bd667c68c264b4c374b28e731246ddb6ec22c3968daf837e30a2","js"
"backend/services/order-service/node_modules/body-parser/lib/types/text.js","2285","54a6e8ef720b06a300b21f6c60387805dec743a64154784a609dfe8c6860776a","js"
"backend/services/order-service/node_modules/body-parser/lib/types/urlencoded.js","6251","67094584d6d9675fe746180cb0705f472b56b69ea840d0def8d5e0fdbc7e9c4d","js"
"backend/services/order-service/node_modules/body-parser/node_modules/debug/.coveralls.yml","46","64e6b64f19837a76c30865579aabdde1a825729ae0204ba73ba6de77296ce18e","yml"
"backend/services/order-service/node_modules/body-parser/node_modules/debug/.eslintrc","180","7b7d5a5736dddae0e7cf1c06cdf41ddd9f98e73db8f57a18fe4c9bd0f52f9aa3","eslintrc"
"backend/services/order-service/node_modules/body-parser/node_modules/debug/.npmignore","72","f4580152a6f48954b44cb2a0a002fa500467663db5a6dc8e796b52533dc04ec1","npmignore"
"backend/services/order-service/node_modules/body-parser/node_modules/debug/.travis.yml","140","839e44ee0a96a3e302dc6472800b51822982b77d08f19200ab2cc70534781fd8","yml"
"backend/services/order-service/node_modules/body-parser/node_modules/debug/CHANGELOG.md","11707","d8c1b0717964e189010b13521379c3b970eecc889cb8b788ac21d8dd85247165","md"
"backend/services/order-service/node_modules/body-parser/node_modules/debug/component.json","321","2e5ab9ae90f41699e00d00fca16765024f437300a0568c2208669cc281ba7656","json"
"backend/services/order-service/node_modules/body-parser/node_modules/debug/karma.conf.js","1736","2430869adb61a5e24a3612110a9b49a948e6db43ab7e947c003a9c19c478e609","js"
"backend/services/order-service/node_modules/body-parser/node_modules/debug/LICENSE","1107","98c970de440dcfc77471610aec2377c9d9b0db2b3be6d1add524a586e1d7f422","unknown"
"backend/services/order-service/node_modules/body-parser/node_modules/debug/Makefile","1059","f6466507e02c62f14e477af08e4a13ec883152b54d87feeffb8f0d6de6e9013b","unknown"
"backend/services/order-service/node_modules/body-parser/node_modules/debug/node.js","40","996b381f353555cb172ebb2802bb2a7323442ff67b7b530cc26834058d7f31a2","js"
"backend/services/order-service/node_modules/body-parser/node_modules/debug/package.json","1138","6c3d2c892db282317913ce7c340dd2edccd326bcafd18b644b8738144967d6ee","json"
"backend/services/order-service/node_modules/body-parser/node_modules/debug/README.md","17918","cda3dbd285a2b65894758565a565e7bc2e7c3696225af7b5bd01454240df0aea","md"
"backend/services/order-service/node_modules/body-parser/node_modules/debug/src/browser.js","4734","0144ab6a52b9330c567de11a5c3a4aea35cdac47a4c106482aa24ae8054cdc6f","js"
"backend/services/order-service/node_modules/body-parser/node_modules/debug/src/debug.js","4394","d8d1c1d6c387ab67c3f28d78fd0b20b9becd69442db9d3efe110ca464b509c8a","js"
"backend/services/order-service/node_modules/body-parser/node_modules/debug/src/index.js","263","9a34fedeb2d269c46ed94e6f13039eb0d16d866dd460ec66fa3acd78122fa9fe","js"
"backend/services/order-service/node_modules/body-parser/node_modules/debug/src/inspector-log.js","373","949ae67ec1b655694f83dce57d47d9d77234f9e7d698616932a90e69c7afee91","js"
"backend/services/order-service/node_modules/body-parser/node_modules/debug/src/node.js","6015","a3e83594a4ce88997e2e4fc66bc942b17b9d736290ad62560c7f09d6d0989ad0","js"
"backend/services/order-service/node_modules/body-parser/node_modules/ms/index.js","2764","4bd92209cb9dacf3e3773e725acb7aaec43ea9e78540324e4d0f73e5ce9adef7","js"
"backend/services/order-service/node_modules/body-parser/node_modules/ms/license.md","1077","6652830c2607c722b66f1b57de15877ab8fc5dca406cc5b335afeb365d0f32c1","md"
"backend/services/order-service/node_modules/body-parser/node_modules/ms/package.json","704","30fbfaa3840b2f63978ad4bcd7ed8dc24d277b818e4755fe93eda8cb1bc8b74c","json"
"backend/services/order-service/node_modules/body-parser/node_modules/ms/readme.md","1721","c9ac67ff103c01871b0ff09e2f094631991908c1fd0dc08bdb53287e5a760ae5","md"
"backend/services/order-service/node_modules/brace-expansion/index.js","4797","894ea32e7bb2ff8a0d11ce250533505cfd781579c0243d9ea5ae5c3558d51a83","js"
"backend/services/order-service/node_modules/brace-expansion/LICENSE","1096","68f12f6e2c33688699249c01d8f9623c534da20aa71989c57b061b7bc1676d14","unknown"
"backend/services/order-service/node_modules/brace-expansion/package.json","1156","0aa964543e59d4d5df21c786f7bde534939d96dfe8d02ddf1ae75540ab42df33","json"
"backend/services/order-service/node_modules/brace-expansion/README.md","4058","cf9c5d39a56cdc3178fe7872cbf5d00439f8e14fb939ddbda9d6b5c5852ec4c3","md"
"backend/services/order-service/node_modules/bytes/History.md","1775","b335e48648e33bd56c3bcadbdad4c5a8b419099e7369d3dc845c106ddb49fc1c","md"
"backend/services/order-service/node_modules/bytes/index.js","3613","893fcbbbe962dc00e40dc2e4b20e76e92d874dd257345003c6575d940e91a37f","js"
"backend/services/order-service/node_modules/bytes/LICENSE","1153","e3b44af066615de2ea48d18d852d0762f18c0b2efcea714fa48a6f729d405b85","unknown"
"backend/services/order-service/node_modules/bytes/package.json","959","99b21c09ce812dc76a06cd87c4753247cb9615c6a8501c5a5a9d9caa22ea2d12","json"
"backend/services/order-service/node_modules/bytes/Readme.md","4770","761e5a8818f8de496a4df6632fa30df65b62e00d5db2b297096c63e07d61f740","md"
"backend/services/order-service/node_modules/call-bind-apply-helpers/.eslintrc","232","dc98854dfa3be24e5f38a1b7a4a052388dd0c0b73e035c85a740c932be6c4d3c","eslintrc"
"backend/services/order-service/node_modules/call-bind-apply-helpers/.nycrc","139","997785c50b0773e5e18bf15550fbf57823c634fefe623cd37b3c83696402ad0a","nycrc"
"backend/services/order-service/node_modules/call-bind-apply-helpers/actualApply.d.ts","23","c3be462785155944edb70e9ac81c626a33e2daf88d03172ec912e5ef22560300","ts"
"backend/services/order-service/node_modules/call-bind-apply-helpers/actualApply.js","280","1cbe921bb00b03294815ff0ece4212f276870466961773ce238802bc71474540","js"
"backend/services/order-service/node_modules/call-bind-apply-helpers/applyBind.d.ts","614","ac3fcf3b11ad534a6a6c1be0024bfa1810b33d306c9e2bfe8ddb436cf0f5092e","ts"
"backend/services/order-service/node_modules/call-bind-apply-helpers/applyBind.js","264","3e65d83cecb93fa80dc5ad4d86d98f9e715e101ac3d8ec56d36ee669f1180bd0","js"
"backend/services/order-service/node_modules/call-bind-apply-helpers/CHANGELOG.md","1938","66327c6e1f42173b24ddd1c04500518452d501c957c314c5c366a5e39bdfcc85","md"
"backend/services/order-service/node_modules/call-bind-apply-helpers/functionApply.d.ts","34","9c5e0d0415fb0e4f7e9b5ed63f1589225fe6f4a6497a01137180a81fb9151811","ts"
"backend/services/order-service/node_modules/call-bind-apply-helpers/functionApply.js","99","6170e997fbe03c6f8ff48946ada7d54c7aadc01531509af81f0edfdb7be00e27","js"
"backend/services/order-service/node_modules/call-bind-apply-helpers/functionCall.d.ts","33","ba70f88edbb43a82675128e26f497b940da4e5d1abeed986c3bb03427cc1d4ea","ts"
"backend/services/order-service/node_modules/call-bind-apply-helpers/functionCall.js","97","22d50c812748973250e9aa1994882a880c6e3bfc90d45e41f609cab97beee3fe","js"
"backend/services/order-service/node_modules/call-bind-apply-helpers/index.d.ts","2226","47f88260dacdcbb125448220446b7f71a48fb392267ec81db281f50fd380def2","ts"
"backend/services/order-service/node_modules/call-bind-apply-helpers/index.js","511","6a7ff51e964c2f1e24e3f3a90f41895bec230f07c3001eb29f45741ff99d7a83","js"
"backend/services/order-service/node_modules/call-bind-apply-helpers/LICENSE","1071","5e325595b4ea8cfec3802f545b1def5d7b73e4a5b8e9ba63e32a320f67732292","unknown"
"backend/services/order-service/node_modules/call-bind-apply-helpers/package.json","2480","59639b628c6846f674857c6a613fd47e2e4d2a24036cdf0f7a62ac634f4c8a5f","json"
"backend/services/order-service/node_modules/call-bind-apply-helpers/README.md","2330","9505a31673f63c1d4fe2fa70fbfcbf6b6ad71a323911e2e94ad9bf6649c9e002","md"
"backend/services/order-service/node_modules/call-bind-apply-helpers/reflectApply.d.ts","82","936d6687c6f1a960dc45ae615e6b6f0bf4afc828eeed1a5990d65fd216b66e1b","ts"
"backend/services/order-service/node_modules/call-bind-apply-helpers/reflectApply.js","132","e3ee45fb4c54bdb5f76ad4ef42780da004412ddb6d668993de4b9014efe246ff","js"
"backend/services/order-service/node_modules/call-bind-apply-helpers/tsconfig.json","115","e85504b06a62ff3963fd69c1d30589c0808e5ce70c244e74efcaed46a8ea77c9","json"
"backend/services/order-service/node_modules/call-bind-apply-helpers/.github/FUNDING.yml","594","ac7406f8f3f8eee59a2cefb2b2064ef232d01df43b7a9184cb7f48db7a8f7514","yml"
"backend/services/order-service/node_modules/call-bind-apply-helpers/test/index.js","2658","8f68f29a54d276f06f12fe2143196130180e839ea75171b09e73c242433efeea","js"
"backend/services/order-service/node_modules/call-bound/.eslintrc","138","74e902a86f8225f37ee223801bbf5ac11f9d0a330a9b04c8909ef21147ffa412","eslintrc"
"backend/services/order-service/node_modules/call-bound/.nycrc","139","997785c50b0773e5e18bf15550fbf57823c634fefe623cd37b3c83696402ad0a","nycrc"
"backend/services/order-service/node_modules/call-bound/CHANGELOG.md","2880","333cf17d395a3c807ba1f568ca16aac057d40c7f3e6ef8b1e2e4967d1d0d12a2","md"
"backend/services/order-service/node_modules/call-bound/index.d.ts","4651","f8213a2dc5cb3a7b42d6708c68e36cbc2633552021ac89e618919cbecf6a2baa","ts"
"backend/services/order-service/node_modules/call-bound/index.js","687","aaf524d09b5a4f8f732a516aa1c81e6e8c5d65ae3d01bce392e8fc1ac55c14ff","js"
"backend/services/order-service/node_modules/call-bound/LICENSE","1071","5e325595b4ea8cfec3802f545b1def5d7b73e4a5b8e9ba63e32a320f67732292","unknown"
"backend/services/order-service/node_modules/call-bound/package.json","2507","dcc8abb3c4ad3774234272149020cb36d7b1a3d377a419454d1e7adb368dd9c3","json"
"backend/services/order-service/node_modules/call-bound/README.md","1897","8c1e445125b0119718896686b7c7015d1078fcc727327b6d1c4955df0b7b2d10","md"
"backend/services/order-service/node_modules/call-bound/tsconfig.json","137","97ce3d982a834f79a60b6c4b8dccc0e961711f2e74fac4c8c2e1b877f9bc8bb4","json"
"backend/services/order-service/node_modules/call-bound/.github/FUNDING.yml","581","c88d2ad0d92b2977876a4f81aa60c4151c5b3a9e12eefe0843c0fbb87997edc6","yml"
"backend/services/order-service/node_modules/call-bound/test/index.js","2418","ff0e2917d84f9254d28466934577d67f0b00589d637bad08e637cb3278e43f22","js"
"backend/services/order-service/node_modules/callsites/index.d.ts","2351","6fdc7cbbbc0601f9bb153c30c0e8063321cd1c9211ad512b9fde1d1f785b35dd","ts"
"backend/services/order-service/node_modules/callsites/index.js","363","3030a89b199e479581ce9a7587f5e1fba386d5a2fc8a23a861116ecdd959e30a","js"
"backend/services/order-service/node_modules/callsites/license","1109","48da2f39e100d4085767e94966b43f4fa95ff6a0698fba57ed460914e35f94a0","unknown"
"backend/services/order-service/node_modules/callsites/package.json","622","9c27ea7f90c3a348c038fd6b3213848552ed1ec5dd38e0a06016af19d19e526a","json"
"backend/services/order-service/node_modules/callsites/readme.md","1887","3b0f204c61a7c3ac352f566333ddca12215c93242de1a02b4800fbe0230f6806","md"
"backend/services/order-service/node_modules/chalk/index.d.ts","8899","0d14fa22c41fdc7277e6f71473b20ebc07f40f00e38875142335d5b63cdfc9d2","ts"
"backend/services/order-service/node_modules/chalk/license","1109","48da2f39e100d4085767e94966b43f4fa95ff6a0698fba57ed460914e35f94a0","unknown"
"backend/services/order-service/node_modules/chalk/package.json","1197","9cd907d34a45cb73b5c8a459d5602a36ccd456794665c529a3a5b0f02e196f26","json"
"backend/services/order-service/node_modules/chalk/readme.md","13365","b93f6d0b7d7ae17c159d80dc87d583c4432dba330b3094ba85d8c33d12eb7694","md"
"backend/services/order-service/node_modules/chalk/source/index.js","6075","a7eda1e88414e0e3f050a09621a35e8d656550077da044606c16b053148f6459","js"
"backend/services/order-service/node_modules/chalk/source/templates.js","3367","546f8511507d2e842cac590f99dc550dfe2b21f7fdcd12ab071ff5aaa3e770d5","js"
"backend/services/order-service/node_modules/chalk/source/util.js","1035","9d5cbee8050b580d28fc1de92987ee0237cf609415da8dc781920074f278c016","js"
"backend/services/order-service/node_modules/color/index.d.ts","4759","baad00185559fca0e5d9916049a48f663f8856a38b7598829729030321439781","ts"
"backend/services/order-service/node_modules/color/index.js","11215","948712773e5ebec3bf8d794e6d2bb10204f8583290a76194278c61017ab8281b","js"
"backend/services/order-service/node_modules/color/LICENSE","1059","4c0844caafd3db9a4b643ea493558873710f4e9c8b257887ba066e5e80557848","unknown"
"backend/services/order-service/node_modules/color/package.json","1021","e056a5ef1ac8bd65d4a19eb544b2b3dfb69e21da39543e3f58456d6f1793019e","json"
"backend/services/order-service/node_modules/color/README.md","8293","a56f2072f339d90d299d7e4f5c1ea55f1b47e2cd5a325c4a85a84b188d9e0384","md"
"backend/services/order-service/node_modules/color/node_modules/color-convert/conversions.js","20847","192d89ce1e7123ff2cc8892127c92f4721843cbaa4f4020908ae028ccdffdf08","js"
"backend/services/order-service/node_modules/color/node_modules/color-convert/index.d.ts","16822","cac4f7c5d86426c28613732e247c2c89a4b14962a9a3799c4430b9bf91d0c774","ts"
"backend/services/order-service/node_modules/color/node_modules/color-convert/index.js","1707","575c121151f7789328f5badfe39cc5a0b7d3c7e193723015799c3f86390e40cf","js"
"backend/services/order-service/node_modules/color/node_modules/color-convert/LICENSE","1140","fa0eb15e44179d20f3fc2c7bb60835f781c278ae6774ce6ad8e21069d88e4853","unknown"
"backend/services/order-service/node_modules/color/node_modules/color-convert/package.json","1113","2ca1a776fdacc56b2c1463045e8b2edcc7ff31490c362ee84e258cc905b90e73","json"
"backend/services/order-service/node_modules/color/node_modules/color-convert/README.md","3947","ff9e89a35e6ff9163f2999f85ba97633c68fb6c7ca88c756612df6fec11237f5","md"
"backend/services/order-service/node_modules/color/node_modules/color-convert/route.js","2272","7d93c96562dbe762bd634882e74f6af1a7d164a950b11ace728cbac42cf6a193","js"
"backend/services/order-service/node_modules/color/node_modules/color-name/index.js","4245","8567ef2590b5e8a2fa23262a5d3a963e538d91faf0f87365aa74e6eb86f02e97","js"
"backend/services/order-service/node_modules/color/node_modules/color-name/LICENSE","1078","7357445bac398c76c0aef75a587009fe406d40de6a79789eb5b7ecbbad317ef2","unknown"
"backend/services/order-service/node_modules/color/node_modules/color-name/package.json","651","816c067d75efb40e8daf99d11a40029c95cb3634bbaf8ba1a09505c56705ab5e","json"
"backend/services/order-service/node_modules/color/node_modules/color-name/README.md","371","b9734f9148360187b331daf23fdb83cb586ba8dec1de08e4f15c4c885b02c87c","md"
"backend/services/order-service/node_modules/color-convert/CHANGELOG.md","1417","ee2ea4fe91d043ec4214aa60aeaff595009acdfdbb9ed4030896191126d70849","md"
"backend/services/order-service/node_modules/color-convert/conversions.js","17040","7225058075157fc78115b8be998a2effdfc1e5b3316b004a130ee5f19303574b","js"
"backend/services/order-service/node_modules/color-convert/index.js","1708","adb610f9a2fbba92548161871075262496b563dcd0e5e8f5c20f562160a74b34","js"
"backend/services/order-service/node_modules/color-convert/LICENSE","1087","693866fc419c6f61c8570438ec00659d156ec2b4d4a4d04091711f5f11a365d4","unknown"
"backend/services/order-service/node_modules/color-convert/package.json","827","9471d21744ca3137410448da6b3bd7b30ee91d42edce3b82ebcbf84faef74fb4","json"
"backend/services/order-service/node_modules/color-convert/README.md","2853","8cb35dae3a64e6edf1a680fecb9a850ea866795715aa46e09e211a1ba662d1c2","md"
"backend/services/order-service/node_modules/color-convert/route.js","2257","5f1420af4a106eaa68ed7b4bb5e46f47e0f251169e38841ec8262447e4691b5d","js"
"backend/services/order-service/node_modules/color-name/index.js","4617","97dabd7ebb70c33c19ccfa6956377fc722d9769924903f42a3bede30d83a8592","js"
"backend/services/order-service/node_modules/color-name/LICENSE","1085","c064f7a3e353bc1bc977f3c897941c75ef763f44f41677e0a15370ca0853d6e2","unknown"
"backend/services/order-service/node_modules/color-name/package.json","607","4a557ea373907e4643badb89ff21b3f4b969d20631086d78eab2e03d05c2efa4","json"
"backend/services/order-service/node_modules/color-name/README.md","384","796aef7006b975d2a8a5bad00219c9884e67a51ef96d36b3a0df622e60924c1c","md"
"backend/services/order-service/node_modules/color-string/index.d.ts","798","cacad1fc2035f4647ceec96b95a6e477d9624f0209841b770c0e86977253ca22","ts"
"backend/services/order-service/node_modules/color-string/index.js","5785","414c722bbbe1cde53231adf28da331005f0ba884e51989daf7c1ea1e2b212722","js"
"backend/services/order-service/node_modules/color-string/LICENSE","1082","8984783ab2478bbee455f0eb6c375b5b62c57c86d4a55f6bf96dfd08e8d48a10","unknown"
"backend/services/order-service/node_modules/color-string/package.json","952","c07e159e468107920cf59dc92a06185593c180c2bbf12cd6baf9494da68c8d35","json"
"backend/services/order-service/node_modules/color-string/README.md","2371","c1fac896529b1e9b1f68c8a132157a8c6ca2927c9e488681ec67f1a0dea9fa6b","md"
"backend/services/order-service/node_modules/color-string/node_modules/color-name/index.js","4245","8567ef2590b5e8a2fa23262a5d3a963e538d91faf0f87365aa74e6eb86f02e97","js"
"backend/services/order-service/node_modules/color-string/node_modules/color-name/LICENSE","1078","7357445bac398c76c0aef75a587009fe406d40de6a79789eb5b7ecbbad317ef2","unknown"
"backend/services/order-service/node_modules/color-string/node_modules/color-name/package.json","651","816c067d75efb40e8daf99d11a40029c95cb3634bbaf8ba1a09505c56705ab5e","json"
"backend/services/order-service/node_modules/color-string/node_modules/color-name/README.md","371","b9734f9148360187b331daf23fdb83cb586ba8dec1de08e4f15c4c885b02c87c","md"
"backend/services/order-service/node_modules/concat-map/.travis.yml","43","dc3b4379f4671f3771341b866a8b9d7ff954a65e9152056b8166747dfb343d19","yml"
"backend/services/order-service/node_modules/concat-map/index.js","345","091b65d778337599d0140b35d53c038603d1732d27c33bfe39e03871a96926b2","js"
"backend/services/order-service/node_modules/concat-map/LICENSE","1073","435a6722c786b0a56fbe7387028f1d9d3f3a2d0fb615bb8fee118727c3f59b7b","unknown"
"backend/services/order-service/node_modules/concat-map/package.json","989","4fe5e8089b65ebfd55bb86f465ba896ba6a8e24b7b61de1e0f420f590616b118","json"
"backend/services/order-service/node_modules/concat-map/README.markdown","1165","2bc76dd6de6869fb5335e04c066edd5ab9d99a2cf7958a25e3c7c8c48768b5b4","markdown"
"backend/services/order-service/node_modules/concat-map/example/map.js","171","ffd5fbdaf966b799cd9d046624be96b48e206920e58ad52d2ed1f2bdd10e93d0","js"
"backend/services/order-service/node_modules/concat-map/test/map.js","1075","e2a41fad6a88afcd0958cb9f93217ac2d62670d2a116ab7deb2b790e8f9bc90a","js"
"backend/services/order-service/node_modules/content-disposition/HISTORY.md","1020","a4d8777eee00a49a897e8ed80b8deaee05915106d03a5b652e0ed1ca5bd605fd","md"
"backend/services/order-service/node_modules/content-disposition/index.js","10594","e86a88a5d1a9dd74faa753ca4e47a78e38ae930f3206e5e887cf6cb0ad70cbf8","js"
"backend/services/order-service/node_modules/content-disposition/LICENSE","1094","bd47ce7b88c7759630d1e2b9fcfa170a0f1fde522be09e13fb1581a79d090400","unknown"
"backend/services/order-service/node_modules/content-disposition/package.json","1200","2459c0e8fbeb5716ab06e9ef73747bba46ed2bc52e310bd4e9f0ef1f102da61f","json"
"backend/services/order-service/node_modules/content-disposition/README.md","5205","871c5ec648b67ad1a5791c6c4f95e5bb5df78ecc9aae0a3387e2a08e068c6968","md"
"backend/services/order-service/node_modules/content-type/HISTORY.md","523","a8b6514926048a9bfad6c058a3f374797d1a752b47d00b03b34ff61d093a3b5d","md"
"backend/services/order-service/node_modules/content-type/index.js","5002","7d76ae0f8ecc0a8c053de97b0f695f3fa3df33f692d1bd241307995304e5f63d","js"
"backend/services/order-service/node_modules/content-type/LICENSE","1089","257aed98914108e91a337912727b6a802eef218248507f74b76faffaff517a38","unknown"
"backend/services/order-service/node_modules/content-type/package.json","1075","bd78a5427ffca1966621301edc6cac2146c8c1e137f122161ba90dca7ec89f77","json"
"backend/services/order-service/node_modules/content-type/README.md","2782","8793880cbc4fd7294dff8562b71d9381ea1c0557422b66007920415ba439486e","md"
"backend/services/order-service/node_modules/cookie/index.js","8166","a88f6d7257e3403b727b90a2f3f5c03591e14eaa0b217c501b7071074f080e42","js"
"backend/services/order-service/node_modules/cookie/LICENSE","1175","c02110eedc16c7114f1a9bdc026c65626ce1d9c7e27fd51a8e0feee8a48a6858","unknown"
"backend/services/order-service/node_modules/cookie/package.json","1092","7fa781bd142e7f38b66bff64b4e3a8be9e53e340e7ddaf27caebd00322602208","json"
"backend/services/order-service/node_modules/cookie/README.md","11769","ba8b36c7d860d6ef37887b6ef496a486e91aefe5229f65157cc8b44725b9bec5","md"
"backend/services/order-service/node_modules/cookie/SECURITY.md","1180","299f5e632ccb1ae2d74f95dac09db13d7ff46c482663b67032e3e72cbe376276","md"
"backend/services/order-service/node_modules/cookie-signature/History.md","818","05c401494ac289ee738bece68712ebe5a400e72bc78f436bd80c103805e36eb8","md"
"backend/services/order-service/node_modules/cookie-signature/index.js","1284","00e0107e1d234ff33db54244d1a5d737bb028187fb5d83faa56a670b1cda043f","js"
"backend/services/order-service/node_modules/cookie-signature/package.json","491","3bcffbe31f4169c483a9b80fb86a2a91f81a24796c8b750bf0ff345a1b10bdbc","json"
"backend/services/order-service/node_modules/cookie-signature/Readme.md","1490","1621ed10d0b2f865eb8608e0474a356cf7a9737a384b6593b61b30a9f6e50366","md"
"backend/services/order-service/node_modules/cors/LICENSE","1095","1aa9a12863eefb583779b2ca0e5d73c610b6e6d07529ae0472721769a6ea0a32","unknown"
"backend/services/order-service/node_modules/cors/package.json","926","b314218cdfc9e9442efd35c74c4176902c0bbd74700ba30d6055e70a76455174","json"
"backend/services/order-service/node_modules/cors/README.md","11348","369e3374210f43cd0e15bea9e1f974edf70f5719ea06d3ec2c0eb7517a16e000","md"
"backend/services/order-service/node_modules/cors/lib/index.js","6587","ea5c1ee247ad5204dad41a86326197d9d85a3bc46e8c9078cc4f1f323a828697","js"
"backend/services/order-service/node_modules/cross-spawn/index.js","1192","b8e01cb18ba87ee1b0e5eb2eb1ce6cbb25a2bdd229f9e08671f8a10ed7e3ad35","js"
"backend/services/order-service/node_modules/cross-spawn/LICENSE","1105","aaa78451b6fecd1b9c4594c796c133c0e90cad100372ff8bc6de615e9ef9adf1","unknown"
"backend/services/order-service/node_modules/cross-spawn/package.json","1655","2e106cd9b4ae4e34ead35218371a0d4e172da72515a4f8f97d69a2e1fe3dee82","json"
"backend/services/order-service/node_modules/cross-spawn/README.md","4117","022aa5bc5706ce14899569741b420e8cb59108c90871d341f31b684d279bd594","md"
"backend/services/order-service/node_modules/cross-spawn/lib/enoent.js","1471","0f9aab5c708991cf01d3fda557318c4600a46071138742ee8596244f7fd73ef5","js"
"backend/services/order-service/node_modules/cross-spawn/lib/parse.js","3065","0a67601365a3ae413653c8c9d3c6bff2202861e1eb8b5d28bf46d4812a4465ea","js"
"backend/services/order-service/node_modules/cross-spawn/lib/util/escape.js","1383","5d61b2829e0e7912874e1e664146554d0cd02fd5524abf4ea59a879f0fc30675","js"
"backend/services/order-service/node_modules/cross-spawn/lib/util/readShebang.js","549","b05ba732e167fcf9a4fd67ebb4a5c28cca4712a36376c0b0f2e4e1d37e7f18d2","js"
"backend/services/order-service/node_modules/cross-spawn/lib/util/resolveCommand.js","1557","e525fe739aba01cf5eee6473df449cdda93df6266effa8eae0fcfb9a4e6c5de6","js"
"backend/services/order-service/node_modules/debug/LICENSE","1139","3a61c6c96caf5c1d9b623fb9b04c822b783dfcb78aa7e49c76a3f643e6ed7f95","unknown"
"backend/services/order-service/node_modules/debug/package.json","1479","ea8e33d63fe5f3a4c36609b6c3df8e2ef1f8b8ba2fc3a2e1e53cb27291f384af","json"
"backend/services/order-service/node_modules/debug/README.md","22115","486cb669048bd5014adf9ea117e27a45c4e61b0e668f464c724273beb8170797","md"
"backend/services/order-service/node_modules/debug/src/browser.js","6103","19920671f5902f64ad8ea11767fa50ea9d7a71ae0b7dff7ba5693c0075afc763","js"
"backend/services/order-service/node_modules/debug/src/common.js","6915","dbe83d2bb5837f3c4d7fe537b8004c585987270eceed5b06b8e078deb0ae214a","js"
"backend/services/order-service/node_modules/debug/src/index.js","314","aa127ff1752b7d9c7415c5c7bb6994d9aa722b81bcbcab4bd48316b013d23bf3","js"
"backend/services/order-service/node_modules/debug/src/node.js","4728","d7b26d7c92f8ea7794b77ce11f3c11cd18c9084df7c357e3c7025344fa28aac6","js"
"backend/services/order-service/node_modules/deep-is/.travis.yml","52","5a5a9eaf02c033e6a116e63f7ed8f00a9b06fe5f16b828a5066d460e50061b44","yml"
"backend/services/order-service/node_modules/deep-is/index.js","3104","07518b0fdc381fa83e14506eafe54921c98c9035823a8a373904ba9adcdc6f50","js"
"backend/services/order-service/node_modules/deep-is/LICENSE","1237","f2042f3634c4136d06b5139c9c6aefb81a3a462b514548bc1845953233dfba98","unknown"
"backend/services/order-service/node_modules/deep-is/package.json","953","5caed41b62144a29c30415d2d92293c8122b4adeb281bffd097cbfca0f70645d","json"
"backend/services/order-service/node_modules/deep-is/README.markdown","1443","63d3f40cf0adf0bd9d1ab4460c822f48c8e71c4cfe903e7a00dee20f20c31b15","markdown"
"backend/services/order-service/node_modules/deep-is/example/cmp.js","207","8af8be4e5b71ccccb1b35162030fa43fcc4c7c89e74d9a353b3d4a30086a930a","js"
"backend/services/order-service/node_modules/deep-is/test/cmp.js","446","d1942b16f15601548b0d0e661aff445c03d44309dc9f61ce408b5e54863a75ba","js"
"backend/services/order-service/node_modules/deep-is/test/NaN.js","329","09c77aea01c1bd2b7286da8d406b56551b7e554e9233f895c98e81ccf3788eb9","js"
"backend/services/order-service/node_modules/deep-is/test/neg-vs-pos-0.js","343","d7b564c960f0eac461eea5f7a50946337afec4d242d11dd40d777e30f31c15dd","js"
"backend/services/order-service/node_modules/depd/History.md","2256","b6e94899b155a3f707694b8ced212e1b01f43d0953d89e1c5b718b3e5fb896fa","md"
"backend/services/order-service/node_modules/depd/index.js","10932","4d587a5662e20a7bb9bfe6555afe5987e1b80303a819b447394f37a93297ee91","js"
"backend/services/order-service/node_modules/depd/LICENSE","1094","bd134b41da59e452fb5a1d366b660886f741c87c2bf9428e93764c419fbc40f5","unknown"
"backend/services/order-service/node_modules/depd/package.json","1335","5a3659bcc2e47b25ebf9f23f38eb9452a58920bfe4b59410bfa6fe84639a3b99","json"
"backend/services/order-service/node_modules/depd/Readme.md","9988","11deb26eafa25a465ffb8a8e3c28195eb40e679fda52b760132dbe9c9b21fb5c","md"
"backend/services/order-service/node_modules/depd/lib/browser/index.js","1512","10b4d4a4e9d14e9e6a5ab7ced64405ef90e6bec94d479a8e223cbba88828ad79","js"
"backend/services/order-service/node_modules/destroy/index.js","4258","b54f50db059987726ce2bdadca5d66a1e3ceef183aa5f43ce61aa53f05c36cb7","js"
"backend/services/order-service/node_modules/destroy/LICENSE","1173","ffe370c8785b0b688d954977ce8dc52e19e5f17962cc5f80009c85eba4925d56","unknown"
"backend/services/order-service/node_modules/destroy/package.json","1128","f865b50652dc062f43142e01f55db2760cc10d255bd05afd232e738999c58188","json"
"backend/services/order-service/node_modules/destroy/README.md","2459","80f720db998d4728565126ea1d4b96c5248d35c2e53032d23692ce3930de69c8","md"
"backend/services/order-service/node_modules/doctrine/CHANGELOG.md","4334","d40243d722f7fe628971bbeaffcf64b52bf82cc73514f23d735d2447ed89f52d","md"
"backend/services/order-service/node_modules/doctrine/LICENSE","9585","5c272e206669b79ee20fa89fa8fa888d5b56186f16c55a5614753ad3412e2ae9","unknown"
"backend/services/order-service/node_modules/doctrine/LICENSE.closure-compiler","11358","cfc7749b96f63bd31c3c42b5c471bf756814053e847c10f3eb003417bc523d30","closure-compiler"
"backend/services/order-service/node_modules/doctrine/LICENSE.esprima","1231","0e74697a68cebdcd61502c30fe80ab7f9e341d995dcd452023654d57133534b1","esprima"
"backend/services/order-service/node_modules/doctrine/package.json","1476","2329862fb13407c477c87dd66324a8f6ff2691f06871812db9e26268ddc19624","json"
"backend/services/order-service/node_modules/doctrine/README.md","6615","10136a053c135f0975bcc31a0ca0878fbb012cb79f3af455af329f0f32aeb2fb","md"
"backend/services/order-service/node_modules/doctrine/lib/doctrine.js","32444","7246af329cd8300ba1429b9a68eca805cbb6bd23b2a04d8cb2780427e586218d","js"
"backend/services/order-service/node_modules/doctrine/lib/typed.js","38505","4a329084bbca5b6d30268ad06966ff95b5ea5bd88081c5b0963b1dc4c873ba78","js"
"backend/services/order-service/node_modules/doctrine/lib/utility.js","816","520f72ea38f5aaea7ae7b46b41ca28f5c38212e5a27b268bc7070d29ae53b826","js"
"backend/services/order-service/node_modules/dotenv/CHANGELOG.md","18344","921f5b5b4dc91d34e55836a891ede7f4e02a154c4ee7b34b78ad7da085ab76d2","md"
"backend/services/order-service/node_modules/dotenv/config.d.ts","11","8e609bb71c20b858c77f0e9f90bb1319db8477b13f9f965f1a1e18524bf50881","ts"
"backend/services/order-service/node_modules/dotenv/config.js","176","cd401a4aeb31f30ee55c295b0b65fccb6f1a0e3b7dfd2def4f69dd2a13a8fef2","js"
"backend/services/order-service/node_modules/dotenv/LICENSE","1294","74b629b24865e1e83c5277ee84590b7937644d6fd959d0c7bdce758676cd2ced","unknown"
"backend/services/order-service/node_modules/dotenv/package.json","1688","922be338d27d6b0b3a238f8da99daeb1f42ef972e71b4568d5104bbef661f5f5","json"
"backend/services/order-service/node_modules/dotenv/README-es.md","15605","a7021cf039feb04752c5cde82f07336dec6e17876e88677d7c5de4c2dbbbcff1","md"
"backend/services/order-service/node_modules/dotenv/README.md","22474","d445595efbfa0e290e495cbef75379e5cb16d881489d4873ecb0d0bd2e56227a","md"
"backend/services/order-service/node_modules/dotenv/SECURITY.md","69","a721e1a4bd3baa5228447211d47d2b38fbc3adf7b5588de0d728eeda398271ca","md"
"backend/services/order-service/node_modules/dotenv/lib/cli-options.js","385","927537ee249dd941a5115b58ccadcc90c52bcbf9ae51cd5853251020686096e3","js"
"backend/services/order-service/node_modules/dotenv/lib/env-options.js","733","3f8b820081078d1c49737eb257d033881c6d16ee82322c33f229cd38fbb22108","js"
"backend/services/order-service/node_modules/dotenv/lib/main.d.ts","5109","0c5f112b6d3377b9e8214d8920e1a69d8098b881d941f2ab3ca45234d13d68de","ts"
"backend/services/order-service/node_modules/dotenv/lib/main.js","10703","3381601545980775b6ecd2bf078ce369a3b24316e10a3182ab78811f01dc83b5","js"
"backend/services/order-service/node_modules/dunder-proto/.eslintrc","43","0694050195fc694c5846b0a2a66b437ac775da988f0a779c55fb892597f7f641","eslintrc"
"backend/services/order-service/node_modules/dunder-proto/.nycrc","216","948366fea3b423a46366326d0bb2e54b08abd1cf0b243678ba6625740c40da5a","nycrc"
"backend/services/order-service/node_modules/dunder-proto/CHANGELOG.md","1547","889ec6c5fd3b8b18d431c60a36d643f357d22a8aa1c9c9e6fd8ffecd89c67f13","md"
"backend/services/order-service/node_modules/dunder-proto/get.d.ts","121","7c2f315cfb64dc1827f84eb89e84c0db072e109379173e3869de7c13160623d2","ts"
"backend/services/order-service/node_modules/dunder-proto/get.js","980","9671388b2fa2cbce2f4b8645cc1dedae2f182113a78c93dd142d987c2517dacf","js"
"backend/services/order-service/node_modules/dunder-proto/LICENSE","1073","2b770a704c15de238c3f622b01b0044ddd60b49ee30608ea6991ebf19db7a7a1","unknown"
"backend/services/order-service/node_modules/dunder-proto/package.json","2108","24df71008e4225c858f389dd2728b76cf66b752256d42a38ed7930aacae7fe2b","json"
"backend/services/order-service/node_modules/dunder-proto/README.md","1907","a04f8e67cb76f7d636860dd5d9fc6edd07ec3d41c6672897045573977c8e762a","md"
"backend/services/order-service/node_modules/dunder-proto/set.d.ts","144","1cafbbee16530370af0b1116ffea5f9dec7db15bb0c9d417c37c76505954bf50","ts"
"backend/services/order-service/node_modules/dunder-proto/set.js","1276","627dfab99b492879fca53b5d648a7263fc16181bfee148e7d29f7fa0f47bd24d","js"
"backend/services/order-service/node_modules/dunder-proto/tsconfig.json","116","5c01887c6c8539144c0fc5fae6f5115073b6e26ecbeae8434a0329f46f9169c6","json"
"backend/services/order-service/node_modules/dunder-proto/.github/FUNDING.yml","583","aa11a9d937d72381b6fc36c2fa3ea4e7bb3d9650c5d2604e14f2998be4e9a643","yml"
"backend/services/order-service/node_modules/dunder-proto/test/get.js","1143","cd6c3e2cc078652bac3005445b7d9f36108b61e67c4ced535307165cb2487a26","js"
"backend/services/order-service/node_modules/dunder-proto/test/index.js","51","35268fab42edb06d406b44b1805d6b7d037a585474fde87a246adfd463b97637","js"
"backend/services/order-service/node_modules/dunder-proto/test/set.js","1695","80fd77e5232099dfb76b64e61edef17cf8567e46adbd3a71bdd05679b12bc6a7","js"
"backend/services/order-service/node_modules/ee-first/index.js","1684","29d3cccddc7148f48715bfc94eb6f7b9f9132a5ecb704b9d4b713de87e7603dd","js"
"backend/services/order-service/node_modules/ee-first/LICENSE","1099","965ef284f7f4c176842ec2e87fa13e79feed777d56d7a21a5a3b38f1bb6dc288","unknown"
"backend/services/order-service/node_modules/ee-first/package.json","859","a4eece6ff6b38bf7ac107323f381cc60500097a9cbdd473f5d5b45e68822cb89","json"
"backend/services/order-service/node_modules/ee-first/README.md","2617","4480e03d020436e665886a99120abb2ee7fb422850e1b53ccbdbdbd251414c23","md"
"backend/services/order-service/node_modules/enabled/.travis.yml","167","4e0563cf0c328c9ff52fec3433ffa94b08e160a3777c5bf7a04cb8886ddc3ca1","yml"
"backend/services/order-service/node_modules/enabled/index.js","770","19f062014aada0528b72d271c0c898a99845424d0a64d3a18d6035eff02ada6b","js"
"backend/services/order-service/node_modules/enabled/LICENSE","1119","77cc8fe282841077c532a9d92bda47add7bd0e1f5f4d7e91a9f91bff69faa86a","unknown"
"backend/services/order-service/node_modules/enabled/package.json","787","5bc65d6409ffeb2c9eada8c0706d2b6426697d748fa2f409342f3668f4ee23f7","json"
"backend/services/order-service/node_modules/enabled/README.md","1779","6aa8f0f810b981e2715cdcabddae60964e63d1116e170dcd2b490d4e435408be","md"
"backend/services/order-service/node_modules/enabled/test.js","1271","c3422d4f07ab1e003a2d8dfef2ba392b889683c2c84f318044e3ab70727d8343","js"
"backend/services/order-service/node_modules/encodeurl/index.js","1578","da79e42b4f04e0ce63e45525558f838b99500d2fe1a4fe0e28cb6c7ed7eae58c","js"
"backend/services/order-service/node_modules/encodeurl/LICENSE","1089","7585ea7bba616ccbbe43cb54ecb67956688c3c5641bb84f3099a652a73193afe","unknown"
"backend/services/order-service/node_modules/encodeurl/package.json","1092","5df10798f4b086da95c24180d7519fa4f68e2057a48e2ff6b76b91d6ffed1e9b","json"
"backend/services/order-service/node_modules/encodeurl/README.md","3221","c94f2967cafee3fc1df2798a43014e9742b76d89de116ec01f7c6b903caebea5","md"
"backend/services/order-service/node_modules/es-define-property/.eslintrc","144","317b53d336fef735ecf930b9518869a5692c1bd1b80ea2d53ce6a86b36919c67","eslintrc"
"backend/services/order-service/node_modules/es-define-property/.nycrc","139","997785c50b0773e5e18bf15550fbf57823c634fefe623cd37b3c83696402ad0a","nycrc"
"backend/services/order-service/node_modules/es-define-property/CHANGELOG.md","2296","fe3c3c181877529ccb5cce2f34779fa3fd28a5c5d239ca4c2a36e617dc3589b7","md"
"backend/services/order-service/node_modules/es-define-property/index.d.ts","93","26f10cc22a24b23db7cd41ff339c907121ef7f518e0fe347b48a05f1bf0f7cbf","ts"
"backend/services/order-service/node_modules/es-define-property/index.js","288","92d23d0217808c68692a1881369c207db1a35fc09dd24b98dd5f1a07d6bb3ed0","js"
"backend/services/order-service/node_modules/es-define-property/LICENSE","1071","5e325595b4ea8cfec3802f545b1def5d7b73e4a5b8e9ba63e32a320f67732292","unknown"
"backend/services/order-service/node_modules/es-define-property/package.json","2129","3a2cb30dae30a96705dcd9aa2d5fb190cf8200f27badccfa5a81a4374e5708b4","json"
"backend/services/order-service/node_modules/es-define-property/README.md","2056","5ce564bb53fafd87b543f144e04955d128199205cf07bff442f3b875ca90d422","md"
"backend/services/order-service/node_modules/es-define-property/tsconfig.json","138","2ff433185c049374ca38887ac82b549215cd40f0090d4c350f8ee6c549fb076d","json"
"backend/services/order-service/node_modules/es-define-property/.github/FUNDING.yml","564","fdd23eb2a51d498f6bbc1d709eb6fad3778bbb0205126bc9548d4c59b714a402","yml"
"backend/services/order-service/node_modules/es-define-property/test/index.js","1299","2f27838dd904c0f4691d65239cf7a9dfb00f976634d616572b0acaf18f31e674","js"
"backend/services/order-service/node_modules/es-errors/.eslintrc","43","0694050195fc694c5846b0a2a66b437ac775da988f0a779c55fb892597f7f641","eslintrc"
"backend/services/order-service/node_modules/es-errors/CHANGELOG.md","1833","f21ce3b58b9c00181c38429f5f5f07438675fb519c749e4cc9edd7c661a00daf","md"
"backend/services/order-service/node_modules/es-errors/eval.d.ts","68","82e8fde67d906608c18ede0ee67f0ec2221e13fb7de1576f9fc59e91158de2e6","ts"
"backend/services/order-service/node_modules/es-errors/eval.js","75","d3161a97f162b483206e9849e41bb17fd54166810c76ebaa1df068133e54caae","js"
"backend/services/order-service/node_modules/es-errors/index.d.ts","56","032af142c4e06fcd215e4519d4d1c9c60dbaa63d033cb116abb5b5a4f6336fbf","ts"
"backend/services/order-service/node_modules/es-errors/index.js","66","28fee350e89561019cf27ea37a313b4b4995f521fd087198fa235a8f135962de","js"
"backend/services/order-service/node_modules/es-errors/LICENSE","1071","5e325595b4ea8cfec3802f545b1def5d7b73e4a5b8e9ba63e32a320f67732292","unknown"
"backend/services/order-service/node_modules/es-errors/package.json","2174","1a0a0bcccc76b915cb64073317312840cf6363e9144b96f406d0059774dd5278","json"
"backend/services/order-service/node_modules/es-errors/range.d.ts","71","7ab8a9b5b7d60cd76c021039f87509f5a13ba0292a3984fb1381b4ba4d79c26c","ts"
"backend/services/order-service/node_modules/es-errors/range.js","77","e376220f3a0226bd5b09b6d5a1411bbac274db8d2d9f7eb723142b7e676374be","js"
"backend/services/order-service/node_modules/es-errors/README.md","2114","176ec91db928c929508abf9917ebc35dd66e5ea1a989ac3e7ab290496d32c0d6","md"
"backend/services/order-service/node_modules/es-errors/ref.d.ts","83","c736bb4552777f1dba23aa0152b8e41c20a09bbc02fca1dde4ea4d1180fefb04","ts"
"backend/services/order-service/node_modules/es-errors/ref.js","79","31945f1740a0a2143fb8c38943afc6cce5de5ba6fab7af42d17b7874a19a0900","js"
"backend/services/order-service/node_modules/es-errors/syntax.d.ts","74","7a47e9178209435c05b910d1aac6fc939721c2cf45a878759c9a855b0b67551f","ts"
"backend/services/order-service/node_modules/es-errors/syntax.js","79","56574ecd3eb54c06efd319080cc8923992791e430c914520b85e92c2f5e373f5","js"
"backend/services/order-service/node_modules/es-errors/tsconfig.json","3170","539cacffe5895fcf9a9eb59e3a6a9fadbb41ba3e05339d97e3b55da34d2c85a4","json"
"backend/services/order-service/node_modules/es-errors/type.d.ts","67","bf83d189c911c5d6f970c3c6a0ddf5637efe3deafaad89c31ef4418a2f90487a","ts"
"backend/services/order-service/node_modules/es-errors/type.js","75","c71b2f41c15edb3824f50dd24df900495c8caaba5b6e9a80851b82bb2309827b","js"
"backend/services/order-service/node_modules/es-errors/uri.d.ts","65","ccbb8676063c7d4446b57e51b13d2f3d24a48ad419f9495b5bb21bd86f8c9374","ts"
"backend/services/order-service/node_modules/es-errors/uri.js","73","e1e5591bde037a2ffeda822fa03fac22ff7c93c7b269ed9adf1cbea0e21614b0","js"
"backend/services/order-service/node_modules/es-errors/.github/FUNDING.yml","555","5cffdeeee604fdf21f64369bf526c2c707377f01fdf1d816b204422cde144ce9","yml"
"backend/services/order-service/node_modules/es-errors/test/index.js","356","14e2b88a10618ac3947289f93011dcfc5a2c27fcb585f453f99de8ee739185f8","js"
"backend/services/order-service/node_modules/es-object-atoms/.eslintrc","229","945b2b35c8d6dc3bb008e7a6391fb98f8d4103ca0dc64652b13dcbea0dd090e1","eslintrc"
"backend/services/order-service/node_modules/es-object-atoms/CHANGELOG.md","2136","1f2ae981660e6827c35f6319372009ca9d1ff1c9ceb10981d2f679162ce77aca","md"
"backend/services/order-service/node_modules/es-object-atoms/index.d.ts","59","82cfb73ba05567cb297bb8066b03cfa1364be56c3e46d29875b6eb087b5d0349","ts"
"backend/services/order-service/node_modules/es-object-atoms/index.js","67","44ee7a57ed1c50c4c5fd2a6fcaee8772f4b7d0869326eed0aadcef87bc305212","js"
"backend/services/order-service/node_modules/es-object-atoms/isObject.d.ts","72","9eea1c96eb0567ee3b1bc02fdf493eeb73c18c6d3e08a7082c6e35c416a76b37","ts"
"backend/services/order-service/node_modules/es-object-atoms/isObject.js","161","c253c90b894493019432019026378b8fc6e65ba2617da6792e2e6634212f56c2","js"
"backend/services/order-service/node_modules/es-object-atoms/LICENSE","1071","5e325595b4ea8cfec3802f545b1def5d7b73e4a5b8e9ba63e32a320f67732292","unknown"
"backend/services/order-service/node_modules/es-object-atoms/package.json","2273","9975f032714dd642d08c9b50129096f5daf878dbede1ca3544cdcdbf45b48eb0","json"
"backend/services/order-service/node_modules/es-object-atoms/README.md","2603","7ed12f453b83efdb7ace289312b40ff3eaf810d548347636b8274f56b4af9244","md"
"backend/services/order-service/node_modules/es-object-atoms/RequireObjectCoercible.d.ts","123","2045b0793cf40da407a831c1c70de9c091a9d628bec71bb47da7a21a714df2b1","ts"
"backend/services/order-service/node_modules/es-object-atoms/RequireObjectCoercible.js","313","52db42daa35deb84c5301c7dc5cd274593d72ad3ce77c64d2f9d71b46784b0c5","js"
"backend/services/order-service/node_modules/es-object-atoms/ToObject.d.ts","352","a13501abcba87c7de858dfb38777ba334d1ffa02d2c8ef54a808fc4e6b9f6466","ts"
"backend/services/order-service/node_modules/es-object-atoms/ToObject.js","250","deab7682047e003d3bdaa5c17ac4466783a6d4503aeb97724315936967ed860b","js"
"backend/services/order-service/node_modules/es-object-atoms/tsconfig.json","81","3e1bd147dd14fe6bccd80797375f88d961ee0cd52871f879e90e01d1e647027d","json"
"backend/services/order-service/node_modules/es-object-atoms/.github/FUNDING.yml","555","3a6cc965019e4c28527969955cb0fe7b8f8e456bcf9c5557b2fdd6c6cea2f9b6","yml"
"backend/services/order-service/node_modules/es-object-atoms/test/index.js","1097","e0b98cb59959ac9e9aa0f056aa2a6a6afc637458caec77a4f9ff1a7cdbcf54b5","js"
"backend/services/order-service/node_modules/esbuild/install.js","11160","10f6fa3644d8d23d066ff67b0ae449074e75884503546a9fedb667f1dcb9ade2","js"
"backend/services/order-service/node_modules/esbuild/LICENSE.md","1069","b40ec5baec7bb34fa5b1c09521fa3cd52d5fad7adafed74932a2010d3612a681","md"
"backend/services/order-service/node_modules/esbuild/package.json","1463","24655ca1d9c91fe7517a99ec27bf1125b46efae71b54a55125d2a930b6ad61f9","json"
"backend/services/order-service/node_modules/esbuild/README.md","175","6d481cd60ec3c679e5e395f547ab4221147f35642894f6b95a8df38fd25c87bd","md"
"backend/services/order-service/node_modules/esbuild/bin/esbuild","9350","866bf9803dd390ca24f96c02e58850a0649e9b52b36029045835044e7c364fe2","unknown"
"backend/services/order-service/node_modules/esbuild/lib/main.d.ts","23392","161c8e0690c46021506e32fda85956d785b70f309ae97011fd27374c065cac9b","ts"
"backend/services/order-service/node_modules/esbuild/lib/main.js","88698","b090fe57c79c677256a242703ea07bb2191eced357bece2f9a25539443da070c","js"
"backend/services/order-service/node_modules/escape-html/index.js","1362","42a7f91883d0c5ce9292dda4e017e1f8664d34b09276d89fb6f3859c29d1ca9b","js"
"backend/services/order-service/node_modules/escape-html/LICENSE","1157","255aa557a1f55224ce522f311629c0bf20854740a67955cefd798fbd1d3d1ded","unknown"
"backend/services/order-service/node_modules/escape-html/package.json","434","bd320a3e9d23249f5f7d3ce72f2fa426e28a6b2704bd2b281d0c92806a1f5223","json"
"backend/services/order-service/node_modules/escape-html/Readme.md","707","86530565532ede3efb547e89694bd94cd384c6a4a6ce071afecb3381dfb2ef22","md"
"backend/services/order-service/node_modules/escape-string-regexp/index.d.ts","467","a9fd76613c52aa62a036e7d85d6503601ac3aae1444f4765c738567e5f687f4f","ts"
"backend/services/order-service/node_modules/escape-string-regexp/index.js","461","d7170b45e3faf26da2fcb2b4a2fac19af142b44d2ec5ae7760700896749a5886","js"
"backend/services/order-service/node_modules/escape-string-regexp/license","1117","5c932d88256b4ab958f64a856fa48e8bd1f55bc1d96b8149c65689e0c61789d3","unknown"
"backend/services/order-service/node_modules/escape-string-regexp/package.json","686","63763f28aefa6c49e6e6599e44b7c9aa5afd6518ae04bcfa534ff3759ad428e8","json"
"backend/services/order-service/node_modules/escape-string-regexp/readme.md","1059","6c8f2d8a0936f0ec24fb52d64ae2eb7a7037a06ed7d957232d00f022d596812b","md"
"backend/services/order-service/node_modules/eslint/LICENSE","1094","3b6be04f862a077a4b97929dbf247299360824d9365f8603c263769303ace18c","unknown"
"backend/services/order-service/node_modules/eslint/package.json","5699","cb3eb0b9246ff4cf36d7f00b76358dc6b1ccab18773ab89c25b9e390041ae9d3","json"
"backend/services/order-service/node_modules/eslint/README.md","18223","17937abc7a94c4e1202e570ca6ad26b07cd6944c0a762fe3b0edc8107dadc87e","md"
"backend/services/order-service/node_modules/eslint/bin/eslint.js","5458","64736610331446b4310516aa5cadc69ab8c791a70388467c19dd711465046647","js"
"backend/services/order-service/node_modules/eslint/conf/config-schema.js","2601","6c54e6e5a8b1b9f3dd3cdb7b27bd791a699494ea5d1f65ac33771cf331158040","js"
"backend/services/order-service/node_modules/eslint/conf/default-cli-options.js","680","7e6f642f39bcdebcb55db56aff01b62806c8b02cf9df3039a2128557c42e8b42","js"
"backend/services/order-service/node_modules/eslint/conf/globals.js","2663","d01a4c277d47d7ff9b6eda394b426d6621cc3941e393b3c0db436febef68a67c","js"
"backend/services/order-service/node_modules/eslint/conf/replacements.json","1039","d758ff3152fd8fd0c6378be10a61edbc31cf71f803c4af5ff81795a444e8bc99","json"
"backend/services/order-service/node_modules/eslint/conf/rule-type-list.json","1648","d7ecca9d588b5b8f2086ab292eadbea90b6bb124e3cbb208351923304d54c4ba","json"
"backend/services/order-service/node_modules/eslint/lib/api.js","1766","0e4a08287610fd52084e1be72e04ad2b84fb199ab49d5345a88a730f48948710","js"
"backend/services/order-service/node_modules/eslint/lib/cli.js","15423","f497a97d76b1fe698cb3f9504907a3b885239f52975cf02a659215651021022d","js"
"backend/services/order-service/node_modules/eslint/lib/options.js","14204","ee7e9b4fbd0b7bcb29ed190983d5a7a1ab153b6a7a1869049e19e685c26a7fb5","js"
"backend/services/order-service/node_modules/eslint/lib/unsupported-api.js","981","49562d755162db8acb9bccbb0d5b6f53dc93132d61fc684caa9d111fb311da9a","js"
"backend/services/order-service/node_modules/eslint/lib/cli-engine/cli-engine.js","38226","250cf6fbfbad09fefede99ed9a4e5a3b2c414cdfcc8623571e4e9814dd7570f6","js"
"backend/services/order-service/node_modules/eslint/lib/cli-engine/file-enumerator.js","19123","191e5f182bce5ac0950d57991690d28355bfa3fd50c005ae55b7f6f5b93ddd66","js"
"backend/services/order-service/node_modules/eslint/lib/cli-engine/hash.js","1060","2e00d51f834885fc669fc0b03b343e4d1313d6d95c58ea1d0491df6e811f1089","js"
"backend/services/order-service/node_modules/eslint/lib/cli-engine/index.js","99","4aae171946d0cdd6e7ce9c9b772adc17edc5980506d409bd3a70056886a693f0","js"
"backend/services/order-service/node_modules/eslint/lib/cli-engine/lint-result-cache.js","7328","f5b61884f945179e9d71adc1b7699de5e2fc06fd95e25d59bf70573199987b5e","js"
"backend/services/order-service/node_modules/eslint/lib/cli-engine/load-rules.js","1349","7beb555cb333efade99687ba1bf6f23dd71e7f676048a0721aadf87a0cf90a28","js"
"backend/services/order-service/node_modules/eslint/lib/cli-engine/xml-escape.js","971","aac3806f5ade4b079d3d4bece4214d101a41e349a86282f240ab21059fb0dba3","js"
"backend/services/order-service/node_modules/eslint/lib/cli-engine/formatters/checkstyle.js","1702","7aa1870dcd4cdf6c761c01fc7fd8c5cfe1d13b77d9899aafeb19ca0013a59dec","js"
"backend/services/order-service/node_modules/eslint/lib/cli-engine/formatters/compact.js","1463","4cb7f198e527dd70da3bc6d9a0f58bd580be4488eadeb3b7e7e46d569f64166e","js"
"backend/services/order-service/node_modules/eslint/lib/cli-engine/formatters/formatters-meta.json","2548","a166da1da06299dc65cbcf5f8f4e6d0789271d84c30d781e42761d1367ca5668","json"
"backend/services/order-service/node_modules/eslint/lib/cli-engine/formatters/html.js","12896","7166315ab449e16ce9b5bd6128ea4a6896cf45a0525aad4337f4068ec3114dfe","js"
"backend/services/order-service/node_modules/eslint/lib/cli-engine/formatters/jslint-xml.js","1056","f92ac114a07177a8f05a97d6d6df440de0c920bd140e6d77696541ab6d0b1813","js"
"backend/services/order-service/node_modules/eslint/lib/cli-engine/formatters/json-with-metadata.js","408","2ce70697cb9ab9101a8648717650f758beed44812ec178dac9e6501cf38bd4d8","js"
"backend/services/order-service/node_modules/eslint/lib/cli-engine/formatters/json.js","349","6752fb0eb1db58e40c2506a6b5432c5df1023801d4d99d3e9c977a31dd66c2d6","js"
"backend/services/order-service/node_modules/eslint/lib/cli-engine/formatters/junit.js","2746","ebeb1575108a2feaf276be3e7046e8dc2c7b7f47dd9044fab47100f0795e6fcc","js"
"backend/services/order-service/node_modules/eslint/lib/cli-engine/formatters/stylish.js","3337","5b29a5d0f0496c57c3c1232acf317edd3bc980446e6dca3922eba3289b5c82d7","js"
"backend/services/order-service/node_modules/eslint/lib/cli-engine/formatters/tap.js","3091","382465a86633c3553ac454bee17f8cde4e48a7223b74675fa9b0a0520b6d6b17","js"
"backend/services/order-service/node_modules/eslint/lib/cli-engine/formatters/unix.js","1477","3e5843d30a3151cf23878ec38b565556befeb4c3fdda522c76857d05e03fc857","js"
"backend/services/order-service/node_modules/eslint/lib/cli-engine/formatters/visualstudio.js","1529","e270f71dff426e7bdcf0c265c045bab4d79c54453c03bcc10e9ff6a142405213","js"
"backend/services/order-service/node_modules/eslint/lib/config/default-config.js","1803","431717a58325927bdf96bf8cbc265ea80fb31687e5f8bc89b3dc8796b149aee2","js"
"backend/services/order-service/node_modules/eslint/lib/config/flat-config-array.js","12372","1f2a73ee5c1fa36329f75608706e739af7981acb801a9f40870c3018f516b75b","js"
"backend/services/order-service/node_modules/eslint/lib/config/flat-config-helpers.js","2779","62c175d30a4cee7e0129ac09bf2ef5e5e6077fcdd367d7b828b570be9400c662","js"
"backend/services/order-service/node_modules/eslint/lib/config/flat-config-schema.js","17762","11b3c492bb99455039ad8a85eba3cb51c58b7e75050b7dabc5726dc7696409bd","js"
"backend/services/order-service/node_modules/eslint/lib/config/rule-validator.js","5057","01914a5a73d98b7adf0d7b94255dfb7be6040b23f5a4a4b548caa6adc30ae178","js"
"backend/services/order-service/node_modules/eslint/lib/eslint/eslint-helpers.js","33387","1f805ffd19096eb128a7379ac7ed5dc1dc52c8f1b1f933313ee60ddcd182e1e2","js"
"backend/services/order-service/node_modules/eslint/lib/eslint/eslint.js","26361","c6c0bd46fea9bdb307dcc616a5e111082fed2f1f6ce751ba3f45e8885f3359f9","js"
"backend/services/order-service/node_modules/eslint/lib/eslint/flat-eslint.js","39774","b87acaa3fae43aafa619c4f5557ac39390a7ddeddd631cfd95fbb82a664bbe5a","js"
"backend/services/order-service/node_modules/eslint/lib/eslint/index.js","154","34b9bfb5379db8c6368912810c57a3ef4565392886c1b5a8947514cffaceea0e","js"
"backend/services/order-service/node_modules/eslint/lib/linter/apply-disable-directives.js","19731","6218e82ced42a2e9a0f8e48773ddb8ef821f79573262cadfbf57b81c130d9dfd","js"
"backend/services/order-service/node_modules/eslint/lib/linter/config-comment-parser.js","6261","440e87b8f47e6e231b622cda1dd13432c27dd76c175230fb0819bd0593d66363","js"
"backend/services/order-service/node_modules/eslint/lib/linter/index.js","250","6850ba69ab8ebf65f7f8a819bbae83f93f5e68f1847b63bb68b5f20eaca4d95d","js"
"backend/services/order-service/node_modules/eslint/lib/linter/interpolate.js","764","c65ebdddddbe64607d7831e5ffa73dac1c69d53c2ab0d92256009964e2385bae","js"
"backend/services/order-service/node_modules/eslint/lib/linter/linter.js","81800","a4ec574d76a33ab43faf8c3cc5264e5f5526aeb10b850957f1c8a3d38212fc9c","js"
"backend/services/order-service/node_modules/eslint/lib/linter/node-event-generator.js","12716","adf900857287d0815f86ad00536f4dd023341b44a1911ed936edfa70f5c9b419","js"
"backend/services/order-service/node_modules/eslint/lib/linter/report-translator.js","13538","259e345fd11c1774c8f8b3d981bebf61a2c4f53398fe0519154f57ee44c63f09","js"
"backend/services/order-service/node_modules/eslint/lib/linter/rule-fixer.js","4632","59e0399294eb090659f6923f9ac66b1b6263036bea412648326ea959cd2609a7","js"
"backend/services/order-service/node_modules/eslint/lib/linter/rules.js","2320","187e0c31ef65d93ee2c20405ac88db9c30d2bdba1e59c1eb87e0e29e2430f779","js"
"backend/services/order-service/node_modules/eslint/lib/linter/safe-emitter.js","2135","3bd784ab283b02960ef8b79a5acee8ba536b2bd01d7d16094fe130a099cbddc6","js"
"backend/services/order-service/node_modules/eslint/lib/linter/source-code-fixer.js","4681","235aafc88c1c81ee1936161027f659d10d76a0e9df5bd355cdbd3cb7f089ccb5","js"
"backend/services/order-service/node_modules/eslint/lib/linter/timing.js","3979","2fb474325a96b32785e42bfdd47f538617b7bce6348d5e900038868bac2edd6a","js"
"backend/services/order-service/node_modules/eslint/lib/linter/code-path-analysis/code-path-analyzer.js","25217","bafbf6785b4668eca2cf4409248d1be4e308802b9fb3a1f1c2dbd6f3bb250968","js"
"backend/services/order-service/node_modules/eslint/lib/linter/code-path-analysis/code-path-segment.js","8812","fc2ede0de6012d390af43300b2b717e9e1a307308f6000cda2b5ea89a2af1d80","js"
"backend/services/order-service/node_modules/eslint/lib/linter/code-path-analysis/code-path-state.js","82053","043e9d88b2cd544920b6c7f4bde37fbbe0cbe5c123610b4effd2bcfb956e9f51","js"
"backend/services/order-service/node_modules/eslint/lib/linter/code-path-analysis/code-path.js","11775","bb78c0480e5db854784e762e601ef83341b518b4accade0863ff5a11c6980597","js"
"backend/services/order-service/node_modules/eslint/lib/linter/code-path-analysis/debug-helpers.js","6563","f3f4355b17f0ec144fea462f386a8d663323e814d0aa0d5e6854698247d66e25","js"
"backend/services/order-service/node_modules/eslint/lib/linter/code-path-analysis/fork-context.js","13234","762d0e24eed9182a8e139b13b96514138398fc95c9da4fd40748f4681650b716","js"
"backend/services/order-service/node_modules/eslint/lib/linter/code-path-analysis/id-generator.js","967","1830ae0c71e03a68bc9d18bbfecba39cd6e0444c025df539801ab39bebd4967f","js"
"backend/services/order-service/node_modules/eslint/lib/rule-tester/flat-rule-tester.js","45166","ad01748b20f4d1c4fef6ee845810475ac4c4f5099efed1cdfcfe516b373a70ff","js"
"backend/services/order-service/node_modules/eslint/lib/rule-tester/index.js","78","50f5b881cadd116a1378ab7a62ac2dde689ce31656d78969dda92feb7250683b","js"
"backend/services/order-service/node_modules/eslint/lib/rule-tester/rule-tester.js","48200","0d6a0e3ab7b0b0a79d6f1d11ae0aac9183f061d2b85a958fb7996280205df462","js"
"backend/services/order-service/node_modules/eslint/lib/rules/accessor-pairs.js","11988","058781baf4c0bb424155389b11d571e7edee08339d1224a27c0e819c81708c38","js"
"backend/services/order-service/node_modules/eslint/lib/rules/array-bracket-newline.js","9679","039dcd24563623cdeb08f9d8f75488f15771bb720e9d9984202e9980fa7b0046","js"
"backend/services/order-service/node_modules/eslint/lib/rules/array-bracket-spacing.js","9170","2584d788e2f6f489d2667a7376a7ff4b9339b593e83731590ce10487023d05b7","js"
"backend/services/order-service/node_modules/eslint/lib/rules/array-callback-return.js","15876","96d8d172d90509218c08de003740eff4969889902fc49a6affa88342ebed98a6","js"
"backend/services/order-service/node_modules/eslint/lib/rules/array-element-newline.js","11160","b95f580f73da22f55bb9a23f9e83e819cf73760f948e7d3d82f68b7fe058470d","js"
"backend/services/order-service/node_modules/eslint/lib/rules/arrow-body-style.js","12973","9d18136938ca1297c02705bf3b68cd82d0822e08e3f13f0a16c7e21ce8460364","js"
"backend/services/order-service/node_modules/eslint/lib/rules/arrow-parens.js","7797","5a042a7693b36ac8be1b8c33b378c5e8136fc1a3e5aa4eb2babf184573ddfbbd","js"
"backend/services/order-service/node_modules/eslint/lib/rules/arrow-spacing.js","5295","1e16fe159cc7ef98223bf016e75db9196a51ba8760f499697e4654dd4b620165","js"
"backend/services/order-service/node_modules/eslint/lib/rules/block-scoped-var.js","4337","0e096433d932aa82209c8733105d9af5084e00d4132b7d10bf64a6e009e39a6c","js"
"backend/services/order-service/node_modules/eslint/lib/rules/block-spacing.js","5943","8be2c8b5790ef9359b8918d06fe78af14121f1a9f66d6beff1e79accc87ec128","js"
"backend/services/order-service/node_modules/eslint/lib/rules/brace-style.js","8229","a51a23739adc306cb6d9949852075aa9f5ebd15dd34ebc80b14dd5a3c32c62e3","js"
"backend/services/order-service/node_modules/eslint/lib/rules/callback-return.js","6565","53af01ca0d2a2cf1008fea2061a4662bb9ee2840b1769ac8daa84df206fe88b9","js"
"backend/services/order-service/node_modules/eslint/lib/rules/camelcase.js","13983","995251a038c72f97d97d93b699c82a65f5c16b0231c512df1b9e447bbaf83415","js"
"backend/services/order-service/node_modules/eslint/lib/rules/capitalized-comments.js","10733","5fbdf6b1392cd45ccc7c127ead885036990d05a09f69bec72d0fc7eae23e205a","js"
"backend/services/order-service/node_modules/eslint/lib/rules/class-methods-use-this.js","6161","a89c826be3a7e53cf510afbd9e68f0cfcb123ef29194134d6cc40ea5436e6d7c","js"
"backend/services/order-service/node_modules/eslint/lib/rules/comma-dangle.js","13850","aede27c4c22545589e102445dc86823c40d089355714fa38b941aa2225d340cd","js"
"backend/services/order-service/node_modules/eslint/lib/rules/comma-spacing.js","7036","c269a7cd132a6ff2c22a481d6b6fb2d76c8cb4bd41967b0074f5321bb26d643b","js"
"backend/services/order-service/node_modules/eslint/lib/rules/comma-style.js","12006","5cc678052571c7085804a7f4173f804420b91287355014f82f8617b63fb9731c","js"
"backend/services/order-service/node_modules/eslint/lib/rules/complexity.js","5736","f36446585d73ae638b822a621eb93f4044dbcbbc9d3d689ef5603c0b32c6d172","js"
"backend/services/order-service/node_modules/eslint/lib/rules/computed-property-spacing.js","7628","588e3827dfc2e42295c451bf5b3d2465d879863f35c19b5b7b845ebb0a7a8cdb","js"
"backend/services/order-service/node_modules/eslint/lib/rules/consistent-return.js","7072","aa4c6fa35991934180760112f9da3a1cbf14cd28de451f4e055fdd5532b2bdcd","js"
"backend/services/order-service/node_modules/eslint/lib/rules/consistent-this.js","5109","37a7b912d864a4fd3dd7deffc9e5f5da0f0b9aef054db378fb49694b81052bdb","js"
"backend/services/order-service/node_modules/eslint/lib/rules/constructor-super.js","15559","e5624fe8b736bb3c4cf6a8d833a74eb6ceea7efa9272680bb5759fa2a5e8b111","js"
"backend/services/order-service/node_modules/eslint/lib/rules/curly.js","19387","79f5dadb5e5cd772bea5d7df933e82bccfeba97bff2ec5da1956da0509e8ae1b","js"
"backend/services/order-service/node_modules/eslint/lib/rules/default-case-last.js","1243","62e29eef458cfaa312de1e69d4e23281fe126f54ed58d5c4d299b798f24205bd","js"
"backend/services/order-service/node_modules/eslint/lib/rules/default-case.js","2839","5f72682e7fb54456c9d1a2f84861c71b8ea548703801f4c7392d8f0eb13f609a","js"
"backend/services/order-service/node_modules/eslint/lib/rules/default-param-last.js","1592","1664ba7f574d1d005bf4dd6841c70ff4f8f0cb259bb09c5ca01f42503570d64b","js"
"backend/services/order-service/node_modules/eslint/lib/rules/dot-location.js","3511","95cf08be8c4190a3e19b631442dddfea968398e861fd729f557d2dc8fba363c8","js"
"backend/services/order-service/node_modules/eslint/lib/rules/dot-notation.js","6763","65ff2880856e608816acad3ea0474240fed4dda8b3046e1ce00ae66e20e06d8f","js"
"backend/services/order-service/node_modules/eslint/lib/rules/eol-last.js","4102","1441548a2d31d9843ab100a0dd0dfae0679f7231aedd1ea18a48592ec550ae93","js"
"backend/services/order-service/node_modules/eslint/lib/rules/eqeqeq.js","5783","31552751070791296f06e17bd115bce7640b123da69a4a5f5e560de3945b3b43","js"
"backend/services/order-service/node_modules/eslint/lib/rules/for-direction.js","5125","e05e505847953b01b6a79f4cdd3f6077bd6b39cffa9055a70be8e7362dd0be08","js"
"backend/services/order-service/node_modules/eslint/lib/rules/func-call-spacing.js","10007","00e755ae2b1b71ec70f7af2041d1d33b170e8607cee2cc6fc20f8ee47a42ff8f","js"
"backend/services/order-service/node_modules/eslint/lib/rules/func-name-matching.js","10150","0a95b609c9ffa0420a9a9a396596b6b19810bccf774569a9eef93e5639477cbc","js"
"backend/services/order-service/node_modules/eslint/lib/rules/func-names.js","6456","7732ff6d5750a33d1c00daa514c253c32d93bd9348b1e409fc74ce86eca00330","js"
"backend/services/order-service/node_modules/eslint/lib/rules/func-style.js","2923","b7bb3d5136b9f194fa8d66d7ac5504ff97d358911e10dd9c01562b0ff58e0889","js"
"backend/services/order-service/node_modules/eslint/lib/rules/function-call-argument-newline.js","4414","197bffc1bfb360d7e45bc455f1938399bedfa0050689512a26bc9a1ff6a4cfe9","js"
"backend/services/order-service/node_modules/eslint/lib/rules/function-paren-newline.js","11891","e055cc8499ba017b296240d3eedcc23f5c5f84207f725a272fe551ff642bce12","js"
"backend/services/order-service/node_modules/eslint/lib/rules/generator-star-spacing.js","7176","93595d6d4002d3f306ff501f9103e0eb7bcdcf532b5321cf01631415d09df898","js"
"backend/services/order-service/node_modules/eslint/lib/rules/getter-return.js","7038","3470dc4dd18a2dff588611098e54d2946f31eeaa5d5c1ae1acad0d8ab548550e","js"
"backend/services/order-service/node_modules/eslint/lib/rules/global-require.js","2501","a7397137f38259dbe7b8e13b36cecfddf66bf40af170d966b4f3e0100494b465","js"
"backend/services/order-service/node_modules/eslint/lib/rules/grouped-accessor-pairs.js","7634","f131f1976f2ecca8a5eee40853639c62dddf9b63dfea1b669f3dd193c0e55562","js"
"backend/services/order-service/node_modules/eslint/lib/rules/guard-for-in.js","2370","fba27bca4ba1d03c97acafda61d9fbc801b64c716dd5d5e6106cc4a7fc82b2bb","js"
"backend/services/order-service/node_modules/eslint/lib/rules/handle-callback-err.js","3132","a38f8871f1a50b6da3930099051a4acb04105896a1493049441dcc2e4a0f96a3","js"
"backend/services/order-service/node_modules/eslint/lib/rules/id-blacklist.js","7716","666127ce44d1cda902088c8705eb15d2bceff769ecc61ef7f71a0af0d63c7cd7","js"
"backend/services/order-service/node_modules/eslint/lib/rules/id-denylist.js","7209","8f3655d6a1a70e04b64ddc231c629099aaa8c6950e8707290be9cb6d4ebca671","js"
"backend/services/order-service/node_modules/eslint/lib/rules/id-length.js","6669","cf8707e867804c948e7eb83a87dca7dc305e755b1b13a13d2483acc64802520f","js"
"backend/services/order-service/node_modules/eslint/lib/rules/id-match.js","11308","e019a3ca2f39a820362d5c74342c3ae26fa84d9adc6f5b87a2fe724b5afaef5b","js"
"backend/services/order-service/node_modules/eslint/lib/rules/implicit-arrow-linebreak.js","2951","b7ea9edb9864fedfd869a05828e1a94fc372d22c1930e3e689356e0b0263b8da","js"
"backend/services/order-service/node_modules/eslint/lib/rules/indent-legacy.js","44633","93c1b92ed67f2aaef3845f070c90e7d138b556ed5b57c37601532dc10a794d0f","js"
"backend/services/order-service/node_modules/eslint/lib/rules/indent.js","78379","c0050994814dd69e5b48d2f73622d1d36b0f22dd9fe39893a9a870b0fc56427c","js"
"backend/services/order-service/node_modules/eslint/lib/rules/index.js","18317","3b205f05548f8a8ba660dccc95b15a2e6ea52321c13de5bafe931a8c8eb460be","js"
"backend/services/order-service/node_modules/eslint/lib/rules/init-declarations.js","4485","5f674f4e5cd4da01d0bfa258414dd45268da2454e1e7b105c755d0f4274cda3f","js"
"backend/services/order-service/node_modules/eslint/lib/rules/jsx-quotes.js","3048","fb0fa84678181cc7232767e31b94545fd6111f980402001ffe61f04dee2db31c","js"
"backend/services/order-service/node_modules/eslint/lib/rules/key-spacing.js","26996","ad5905c06c81b5957ea7ebe2fe82f4fd2db6df99681d85c596cd647806021d2f","js"
"backend/services/order-service/node_modules/eslint/lib/rules/keyword-spacing.js","24265","8595bebe3d5ad25ceafe2373a1b8370545e30be8aedb23af0518f8989bd6f7df","js"
"backend/services/order-service/node_modules/eslint/lib/rules/line-comment-position.js","4186","330f64bb80a5969f6a74c753bc1ecc9fcc0322f5c4f0abc8df7cae55b4baf949","js"
"backend/services/order-service/node_modules/eslint/lib/rules/linebreak-style.js","3568","e655b3063606f2e269630921821967894cca040a75cb14af25800e107257621f","js"
"backend/services/order-service/node_modules/eslint/lib/rules/lines-around-comment.js","18283","2a706d57fd85fe3f7afb1173a5e12d095d74cc09a638404462efdf868f5aed26","js"
"backend/services/order-service/node_modules/eslint/lib/rules/lines-around-directive.js","7784","b6f4c11299b074c8f7d01920cf056b654d0f7d69076f1c797dd90d3f219d81ae","js"
"backend/services/order-service/node_modules/eslint/lib/rules/lines-between-class-members.js","11422","26a8abcd5647deb2a2d8345d969fa88dfa77745d7609403ddc7b27229b817a9a","js"
"backend/services/order-service/node_modules/eslint/lib/rules/logical-assignment-operators.js","21888","6e66ffe50f625341b4c0e05c451d68ceaa21618c5f7337276275a2125f594e3e","js"
"backend/services/order-service/node_modules/eslint/lib/rules/max-classes-per-file.js","2642","5774a617449446fd48c91575d9134853d1ca53068d422e53f18517e3366bbc80","js"
"backend/services/order-service/node_modules/eslint/lib/rules/max-depth.js","4795","d324a4018370b72f1c1883157ad82cb10bfd0d56bb0accf89bf6c78e624dfcbb","js"
"backend/services/order-service/node_modules/eslint/lib/rules/max-len.js","16186","45eeefbd6252c1ddd4868e0a76ddda16db26cc0c6a08a6b6420ebd0ffe247c03","js"
"backend/services/order-service/node_modules/eslint/lib/rules/max-lines-per-function.js","7088","ff91cd7d5b4f54cedf11e2c928fdd4a73725800d25675af5cfe4ec6b7f4baa03","js"
"backend/services/order-service/node_modules/eslint/lib/rules/max-lines.js","6090","af4154e41178f8d0598811b70e9e1b43a1dc2de1c829101477100a1b8d6e5d3a","js"
"backend/services/order-service/node_modules/eslint/lib/rules/max-nested-callbacks.js","3562","284c4644a28483f19aadf8acd6dd8dd1728f55c90f55bfe600e72aabd041f901","js"
"backend/services/order-service/node_modules/eslint/lib/rules/max-params.js","3175","b845847d1930b20dd58c9bfb482b3b9bfb95b2e01168d876ebcb33b58ff90fb4","js"
"backend/services/order-service/node_modules/eslint/lib/rules/max-statements-per-line.js","7525","55f82c64ba83c9144534e136597f460f326f93a12a35a85c749aa24b3801c851","js"
"backend/services/order-service/node_modules/eslint/lib/rules/max-statements.js","5954","03871ee875e76d26bf531dfeb87b2aa6ec2081b1f19d364094e4e4f5481b3c4e","js"
"backend/services/order-service/node_modules/eslint/lib/rules/multiline-comment-style.js","21726","456d56fb88a72282ca21df888e33b140b31bf6e299da0160fddd55c45b32a137","js"
"backend/services/order-service/node_modules/eslint/lib/rules/multiline-ternary.js","7805","e29f6e052ec8148eac968749c534ffc096e644134d180a3171dd0153aae638c0","js"
"backend/services/order-service/node_modules/eslint/lib/rules/new-cap.js","9525","7366a98f3e550e79baf34c5b36447a701e17377f533c5732508f6189ecd6e4e0","js"
"backend/services/order-service/node_modules/eslint/lib/rules/new-parens.js","3271","e54d514ac17b0f04a0829e22fbf3327623dd498353ecf5a1a34d922dafe8e603","js"
"backend/services/order-service/node_modules/eslint/lib/rules/newline-after-var.js","9689","7797686fe77a881266c60d563564ba0c35b6866500dba646d79c9bc16aa5a8e5","js"
"backend/services/order-service/node_modules/eslint/lib/rules/newline-before-return.js","8061","44a1ab79faaa40b96389de5d9cd559328cc66ffd78e115fbce40de57ba03a7fc","js"
"backend/services/order-service/node_modules/eslint/lib/rules/newline-per-chained-call.js","4134","32971742a5e7ca656e2dea44749b862a2e4a247facad95ab16fe0b5217670cb5","js"
"backend/services/order-service/node_modules/eslint/lib/rules/no-alert.js","4357","5a7f3fd360fdbdc7c5275b2073e2494eea9d13bcf2576c15efbf4d84bd614e0d","js"
"backend/services/order-service/node_modules/eslint/lib/rules/no-array-constructor.js","4483","12f99d6189fa129a234407f9feb1481b74b09f85a9ddf8f61bfc98ce04bcc7a9","js"
"backend/services/order-service/node_modules/eslint/lib/rules/no-async-promise-executor.js","1137","35f0551a56c6925c939c7c11da8fb1d4c22e842c40a36ae50e06ff1d2a24a733","js"
"backend/services/order-service/node_modules/eslint/lib/rules/no-await-in-loop.js","2793","8fd54ee98aef1dde9583971d37ed87b7cdeb403be2a330b110d0e5ea5f66e5aa","js"
"backend/services/order-service/node_modules/eslint/lib/rules/no-bitwise.js","3584","90a9f0532bdfce2e7446113d7513bf1bef286e6cf9d1f33112d74570171d22f1","js"
"backend/services/order-service/node_modules/eslint/lib/rules/no-buffer-constructor.js","1430","29e23bef4b7fdaa51472d3347c92b4aaa7e3aac27ba1ff5629a3055b72c17f9c","js"
"backend/services/order-service/node_modules/eslint/lib/rules/no-caller.js","1207","0ad8b83842cbb39c81fcd381c6308da93fa7cf7a005e59fffcaee6698c7b468a","js"
"backend/services/order-service/node_modules/eslint/lib/rules/no-case-declarations.js","1876","e577a62082cc58ef2de309a3ff445ab39bf5a32efcad157502ca3133b2c57814","js"
"backend/services/order-service/node_modules/eslint/lib/rules/no-catch-shadow.js","2570","7339eae19f57ba4e9c90dd0785dae8e779f5869e239b967fc130a1d34500921a","js"
"backend/services/order-service/node_modules/eslint/lib/rules/no-class-assign.js","1767","5d55e9abc75a324c9cee0f203b1da89726d0327e55b9cea50b8bb3fc238cbc89","js"
"backend/services/order-service/node_modules/eslint/lib/rules/no-compare-neg-zero.js","1943","0954632cc4f7afdb2f003191aa518bad9620f28c04b10e6b5bc2f2a41f0a97ba","js"
"backend/services/order-service/node_modules/eslint/lib/rules/no-cond-assign.js","5657","9f8e8eb4b39caa7caa82fb6d627d09b8628f5746c1510bd8ae205908b988b61a","js"
"backend/services/order-service/node_modules/eslint/lib/rules/no-confusing-arrow.js","2967","3b880a22bf4c70cc37b0668497b61821735cf7cbff6c5972194b21b9d063aaaa","js"
"backend/services/order-service/node_modules/eslint/lib/rules/no-console.js","7340","3b36f99d0553004999fcdba4090404933ba308cc49d39030ab5c4b91ac3062b1","js"
"backend/services/order-service/node_modules/eslint/lib/rules/no-const-assign.js","1555","9693f820b92248da6a73cfc0f424c868cc01bb1addb9a1cf62bb4c09b52b3f76","js"
"backend/services/order-service/node_modules/eslint/lib/rules/no-constant-binary-expression.js","20903","a41091238f523ead412cfc11fe23e02d0adc8f8ec9bfd1467c18c2259ef5d218","js"
"backend/services/order-service/node_modules/eslint/lib/rules/no-constant-condition.js","4886","91b8d7f6668020397eae45944883da38f15b98dd8345ff0c9eee8f44d7ecefa7","js"
"backend/services/order-service/node_modules/eslint/lib/rules/no-constructor-return.js","1609","3ba1610ba7cd7012749ede30e4d2cf429db014e15759f4a24c8238096df8cd92","js"
"backend/services/order-service/node_modules/eslint/lib/rules/no-continue.js","886","c2edc4cbe317634c3721b3afb387e3bb0152000b4e73dd64d5ab6ceff9b0c6b3","js"
"backend/services/order-service/node_modules/eslint/lib/rules/no-control-regex.js","4685","7b80ed70c977f39b84e6b1f269b10ae2ca3a20c34b3ee3de7a7aa8a76faa0b3f","js"
"backend/services/order-service/node_modules/eslint/lib/rules/no-debugger.js","959","857407d9ccfbe7cdace113b63ab670ece1931fda89e82ff17a35cd438981cc82","js"
"backend/services/order-service/node_modules/eslint/lib/rules/no-delete-var.js","983","ed5929a73b598b8932cbd6f6033dc7f2e707a19c8692aa3fb7fc4897cd372509","js"
"backend/services/order-service/node_modules/eslint/lib/rules/no-div-regex.js","1455","99afd18a98eb9f730e62e6e870de81c12da9c71cf06a5d6a7d361ceadf5b0851","js"
"backend/services/order-service/node_modules/eslint/lib/rules/no-dupe-args.js","2413","2a6b2c6b8a369749d6fe361607538376d505bf5648e8029330ae1e8ff7bd76db","js"
"backend/services/order-service/node_modules/eslint/lib/rules/no-dupe-class-members.js","3373","84bc23b7cd5ce0e028fe0fde103cea44baa812594ac30c5c9beebc646f54ba00","js"
"backend/services/order-service/node_modules/eslint/lib/rules/no-dupe-else-if.js","4623","270fba38d7bc0f351b84f57419ca46a4ddc9bf4627877c8c6ee2547acd5ac9a5","js"
"backend/services/order-service/node_modules/eslint/lib/rules/no-dupe-keys.js","3969","e649607894091114fc467c8190c0cdbfa3aa83fb5342a9bc0c1e7cac43f244ab","js"
"backend/services/order-service/node_modules/eslint/lib/rules/no-duplicate-case.js","2087","5de771985b3afa180970dd1633cb4fba698f1fdd87defc03a6f78a5148ac6869","js"
"backend/services/order-service/node_modules/eslint/lib/rules/no-duplicate-imports.js","9500","60bb5432b2e9c411158e8b63c9105bd1d3121ea17df683b0625bf0713873d14e","js"
"backend/services/order-service/node_modules/eslint/lib/rules/no-else-return.js","16086","71176d5917eebfc38398a51967ce7104936a3adcdf313aa23979cfeb1169dba8","js"
"backend/services/order-service/node_modules/eslint/lib/rules/no-empty-character-class.js","2288","e64b9e42412d58067bff994e50e625a378779180aa268ed7d60fa668da6dedaa","js"
"backend/services/order-service/node_modules/eslint/lib/rules/no-empty-function.js","4744","e1df7efb56bfae68a2f56fafbddcf0ab21ac6caa4d76d9fbb12bd72a581f8b4e","js"
"backend/services/order-service/node_modules/eslint/lib/rules/no-empty-pattern.js","2441","c34f2adc1e28703a82b78c0953578a646df4cc0300029d058174d993251d5875","js"
"backend/services/order-service/node_modules/eslint/lib/rules/no-empty-static-block.js","1252","fa4c4747d04edb6e4d7df4c7b659d1b0182c6b67525291a213197a356904158a","js"
"backend/services/order-service/node_modules/eslint/lib/rules/no-empty.js","3151","14f89855f579bd7785f93952f5603b75fe0aa07e5b7af2eda0ddbdc2f171196a","js"
"backend/services/order-service/node_modules/eslint/lib/rules/no-eq-null.js","1247","77166ba88b4a3aae4568a6089778bbd721419c7c69cf665c3829808d520dd988","js"
"backend/services/order-service/node_modules/eslint/lib/rules/no-eval.js","9561","7cedda9f4ac3cb46bbc1013f268ce6340815379c079c3aa70c9bbf4aeac98766","js"
"backend/services/order-service/node_modules/eslint/lib/rules/no-ex-assign.js","1468","26d015ca54855fd544b5f3af2039a23cefd9e144c589379950fb06894386e952","js"
"backend/services/order-service/node_modules/eslint/lib/rules/no-extend-native.js","6658","37f9b8b7249412edabc4c6d31c844526f253434e02ca9506c4af4a578b6ddde4","js"
"backend/services/order-service/node_modules/eslint/lib/rules/no-extra-bind.js","7572","1722529dcef59b3a1b0759951832d129c480455ac974f93b01441bbbc7658368","js"
"backend/services/order-service/node_modules/eslint/lib/rules/no-extra-boolean-cast.js","11985","2a259b9a48ce5a1cb07c8bfaabae7a86dcb53a2a59467a6d0850977fce212874","js"
"backend/services/order-service/node_modules/eslint/lib/rules/no-extra-label.js","5161","5c42fae41ca894a577f0224b2c47bb585fc974cb33028644b8c5b2b95017e803","js"
"backend/services/order-service/node_modules/eslint/lib/rules/no-extra-parens.js","53275","8b8df0b5414bfb1472bf20fadc44bd90dcb050fe4eef1f88109aee3db1f19795","js"
"backend/services/order-service/node_modules/eslint/lib/rules/no-extra-semi.js","5110","3406303dfcd8ed528ace606e7458dbf40fafa2c79a8c48b4faa962334dbcc234","js"
"backend/services/order-service/node_modules/eslint/lib/rules/no-fallthrough.js","7054","5b0cd84d70f02e7889db197437ee3db3ca0c2f6bbfafd37c5fb4530c63b69b69","js"
"backend/services/order-service/node_modules/eslint/lib/rules/no-floating-decimal.js","2481","2a47fe48325ad6650307c5e8392c597c70bb547d7333c9c2ea076140bc891d7b","js"
"backend/services/order-service/node_modules/eslint/lib/rules/no-func-assign.js","2256","35cbbb2fcbdb49a6365c278f9429dcf97f04bb7477857c0ff7083824fd6d5d2c","js"
"backend/services/order-service/node_modules/eslint/lib/rules/no-global-assign.js","3041","2020245338a121656f76e361761a9bfc07ee4d540bfa62d46f1ed45aac9b6620","js"
"backend/services/order-service/node_modules/eslint/lib/rules/no-implicit-coercion.js","13286","812e70e1f86a0f4976763eb3ae65ba0176327d93be85b3b4d2f80686307ba047","js"
"backend/services/order-service/node_modules/eslint/lib/rules/no-implicit-globals.js","5608","637244e2a2eb28080e5189fb113fee5f3fdb778a622728343d11b9dd3a7bd06b","js"
"backend/services/order-service/node_modules/eslint/lib/rules/no-implied-eval.js","4653","eebb9e29aeeb3ecda9459702eaf10f930e3d56fa470743fb18371f62cd7a8a1f","js"
"backend/services/order-service/node_modules/eslint/lib/rules/no-import-assign.js","7427","a7357559d0141fecfa46311e37b93acb7dfca4b4f304e354f790788fd1adc87e","js"
"backend/services/order-service/node_modules/eslint/lib/rules/no-inline-comments.js","3369","be5bd87cb7a520a2485809678058a092773298737f1cfb769fb92bf060e23373","js"
"backend/services/order-service/node_modules/eslint/lib/rules/no-inner-declarations.js","3033","e839dd8a89c00fb9d5e0692dde7f7d123be39b5b92e01cb9abc17b9f1cc63cfe","js"
"backend/services/order-service/node_modules/eslint/lib/rules/no-invalid-regexp.js","6448","dec349747d960477e72090ca758a69cc156707e5adbaf4a55fbb675deb10be6d","js"
"backend/services/order-service/node_modules/eslint/lib/rules/no-invalid-this.js","5134","f1dee8ca5bb8c9fbf3df1d7a6caef6f1097162de8ec9ec2564b97937a41fe09b","js"
"backend/services/order-service/node_modules/eslint/lib/rules/no-irregular-whitespace.js","10170","238f1a5a849f400fc288151d154191a7bb404f1a52d47f69b9b80dea8f2ad6c6","js"
"backend/services/order-service/node_modules/eslint/lib/rules/no-iterator.js","1308","2d27505ec9172c19778d1fae9c7561cd15d4506ce2082d4aa0d7e2a4dff403c9","js"
"backend/services/order-service/node_modules/eslint/lib/rules/no-label-var.js","2417","7397722b3c86665f4d25d5518227ad6f6d6280a3de3649ffc77b45de7e2dc2f7","js"
"backend/services/order-service/node_modules/eslint/lib/rules/no-labels.js","4487","526f8a8ce76682992cd09b0199de91c0e204a8fb86c59268390b8585a49f75a3","js"
"backend/services/order-service/node_modules/eslint/lib/rules/no-lone-blocks.js","4330","41708cfabbc83853fc029abfb20939d85f3aca3e605ecb54e104595f7512f4c3","js"
"backend/services/order-service/node_modules/eslint/lib/rules/no-lonely-if.js","3740","e88828728f03e9c6289576adcbf68775f7fe8a360e63b526bc152f14740bd74e","js"
"backend/services/order-service/node_modules/eslint/lib/rules/no-loop-func.js","6303","cf749b72d202d8c45e3e4fbca61366a900fa6c59628c5582988d3d247c7e9924","js"
"backend/services/order-service/node_modules/eslint/lib/rules/no-loss-of-precision.js","8264","93203f1c5653866a1dc0be12fc33704864c07ab69abe71fad59b923815e01c9c","js"
"backend/services/order-service/node_modules/eslint/lib/rules/no-magic-numbers.js","9478","a31fb978f3c45207d0400b0cbac802318b0f9f11a4a1d9dde6c005c51d8c852e","js"
"backend/services/order-service/node_modules/eslint/lib/rules/no-misleading-character-class.js","10109","1e87e6e0124fd16e369b5880bb4c079a2e68e80b766d6da2d4540bebfd34e34f","js"
"backend/services/order-service/node_modules/eslint/lib/rules/no-mixed-operators.js","7763","417697328855994c19dbc0fe04a25377fa8dd57ee2894387ab9250364752186d","js"
"backend/services/order-service/node_modules/eslint/lib/rules/no-mixed-requires.js","7430","187b35e2f6eb430c3aa2fb7fa932a37c3a73c7b7a6263e953ae46672598356f8","js"
"backend/services/order-service/node_modules/eslint/lib/rules/no-mixed-spaces-and-tabs.js","3756","8f72b5065b15f786050ef10ebb70e7fca91ccb68b0f1b3ae38c1f89b6403e1c1","js"
"backend/services/order-service/node_modules/eslint/lib/rules/no-multi-assign.js","1807","8a8c5679151d14b786dc44359b94939716e3393bb1433c43df9d450ee86eed41","js"
"backend/services/order-service/node_modules/eslint/lib/rules/no-multi-spaces.js","5157","6a0df732a4f5d957f7d54daec6a6c8c792ff94620596cdffa0e86a38d54a2585","js"
"backend/services/order-service/node_modules/eslint/lib/rules/no-multi-str.js","1845","867817a24c619ff0dd954af0bc64c32e877e2066f2d05f7743c7abac01a21178","js"
"backend/services/order-service/node_modules/eslint/lib/rules/no-multiple-empty-lines.js","6398","1e92aef7faa4d667a79535b3874de6f6efa6373057e66b63ada1d25a332b71aa","js"
"backend/services/order-service/node_modules/eslint/lib/rules/no-native-reassign.js","3065","19f9ea05589406bf71352672ca4c4782be81dcea5c3a81d9279fb4fe5cea7119","js"
"backend/services/order-service/node_modules/eslint/lib/rules/no-negated-condition.js","2969","2dc239ba52a2af25ebcd232df20133178911c85dddace3cca11f0d59ee93d719","js"
"backend/services/order-service/node_modules/eslint/lib/rules/no-negated-in-lhs.js","1185","32e9fae630053fc92b6a6544ffbb24fb069a2dbed68f3431384c94dbf7786560","js"
"backend/services/order-service/node_modules/eslint/lib/rules/no-nested-ternary.js","1146","a8bf0d3368d2f19693dac6b5f82b5f3d06730fb1c9d83b7de128e7424ac17627","js"
"backend/services/order-service/node_modules/eslint/lib/rules/no-new-func.js","3050","5796604bbec37a3b1b43d7fd02ebd0ddc71830be82ac1b3f1bb97fa8bf9085d8","js"
"backend/services/order-service/node_modules/eslint/lib/rules/no-new-native-nonconstructor.js","2156","50f8a12a2a1e3a17e8240e535fe4e26c55cc7a4ad90d873f2f1e1669cc712cc2","js"
"backend/services/order-service/node_modules/eslint/lib/rules/no-new-object.js","1760","6843fb150b6d4c40957ba305caa9ca709d2578200f0040e9d6ddac03bb2fa183","js"
"backend/services/order-service/node_modules/eslint/lib/rules/no-new-require.js","1194","1369b9d1f13325d06dbb86498d74560604a7e96e9b96fa1b45cd9e752973c628","js"
"backend/services/order-service/node_modules/eslint/lib/rules/no-new-symbol.js","1623","78639041c2163315b895343535fa5cb4587030924a2081c5573fd3779b89133a","js"
"backend/services/order-service/node_modules/eslint/lib/rules/no-new-wrappers.js","1740","8ba8c8fda3488553087df5a3b47bf75d3b6bbf64f48182e89cc4021c0a4eda62","js"
"backend/services/order-service/node_modules/eslint/lib/rules/no-new.js","1061","14b17d8797a709b438822a08c2698038325f0d90d01905cbb149b329839143fc","js"
"backend/services/order-service/node_modules/eslint/lib/rules/no-nonoctal-decimal-escape.js","5599","835d3ba177d604764a2403dc31da539a19621c69b2446b5d23e88d024c2d0c4f","js"
"backend/services/order-service/node_modules/eslint/lib/rules/no-obj-calls.js","2766","a5ac0f0701e15c6bffe13c926aee6d3af46f81b386c5300d2d7b9c6846cd1271","js"
"backend/services/order-service/node_modules/eslint/lib/rules/no-object-constructor.js","3632","b9843ae2480034924c8f017473c718cfb96231c60ab140ee846bd22de88c4b43","js"
"backend/services/order-service/node_modules/eslint/lib/rules/no-octal-escape.js","1476","6af49a4f993ffcaf3a9d8255747536ede13582434ebc062365a8de68bd44a4a3","js"
"backend/services/order-service/node_modules/eslint/lib/rules/no-octal.js","1032","a0eb2974f4848ed0bb1fd9cdf7431e27eadfb59c348b49bfc86b045f5db6d2b7","js"
"backend/services/order-service/node_modules/eslint/lib/rules/no-param-reassign.js","8620","4f84ba55d9ea7d5a8ce8d5932e113f45db5635ef6596ef7ab900f73779263d74","js"
"backend/services/order-service/node_modules/eslint/lib/rules/no-path-concat.js","1716","6a18717a9c613260c9c2b269e63a54555d4a3d0ad1eb7b8f90cf5eda27c1aa67","js"
"backend/services/order-service/node_modules/eslint/lib/rules/no-plusplus.js","3175","c834a230e424a4da6c21d36ca0f1e5551beb1b8fbbe6962947811422b30f99bf","js"
"backend/services/order-service/node_modules/eslint/lib/rules/no-process-env.js","1221","3d01223fcbd98b02b68de9c1fb0e88a15aea01f4520ba3f005e82af1a1541557","js"
"backend/services/order-service/node_modules/eslint/lib/rules/no-process-exit.js","1270","3a816f39da8e343cc992a20ab39f346afdd6a2fc8772323d7b27227edf9166e2","js"
"backend/services/order-service/node_modules/eslint/lib/rules/no-promise-executor-return.js","8749","6b49d7677c7c01865fd4c0cacbba7bc6f8355ea295059876dd8b4c5164b267c0","js"
"backend/services/order-service/node_modules/eslint/lib/rules/no-proto.js","1240","2c2937a210917b02ebe6aa46e7d6b2a25ee73edd566ebea365ae16b0df0034aa","js"
"backend/services/order-service/node_modules/eslint/lib/rules/no-prototype-builtins.js","5966","65d97679b660ec32e6d7f619056bd54101343054f93e72d9ec21ebb0d3dd0d7a","js"
"backend/services/order-service/node_modules/eslint/lib/rules/no-redeclare.js","5802","2c8eb46d1e4469542627012588eca714f9a82078169c86aa92450eb534a10c74","js"
"backend/services/order-service/node_modules/eslint/lib/rules/no-regex-spaces.js","6569","1c6ee42e9e80c311cd129a876b6a118b0d015bb90c9246c58f3fa8dbad715a7e","js"
"backend/services/order-service/node_modules/eslint/lib/rules/no-restricted-exports.js","7268","aedd7c4f272a9f12c115744168d9bec403fb7bfe572c035ca53da1d86fd37c58","js"
"backend/services/order-service/node_modules/eslint/lib/rules/no-restricted-globals.js","3881","8e65805b9a6f398cac69725eb0027c06a4619791c04f7d677b0abd71435ae15d","js"
"backend/services/order-service/node_modules/eslint/lib/rules/no-restricted-imports.js","16994","564266c75f13dd5915f8509570632de5f12117de664ace28b0b22c1b8b49468c","js"
"backend/services/order-service/node_modules/eslint/lib/rules/no-restricted-modules.js","7068","ae4b417a721e1946f872f8a37acc691b62f5190bff7fff585d61341b2e3aea29","js"
"backend/services/order-service/node_modules/eslint/lib/rules/no-restricted-properties.js","6321","d341dd6333158aa385f3e43daec4600667dbe1b8b64b2ddd82c409e874919c44","js"
"backend/services/order-service/node_modules/eslint/lib/rules/no-restricted-syntax.js","2217","12eb3d8baa5dfbb99ce037b804b4fa0a51655b35314d8cf0f8bd876fca0912fc","js"
"backend/services/order-service/node_modules/eslint/lib/rules/no-return-assign.js","2687","65c245a716b5949ffc48e8f9dcb3b6312165461c6a7a3c94bb0b6ba81eec78f1","js"
"backend/services/order-service/node_modules/eslint/lib/rules/no-return-await.js","5139","49a6b71560b4a28318b75eb9250808294100616fc0bee059ac1f6307d4c3fb2c","js"
"backend/services/order-service/node_modules/eslint/lib/rules/no-script-url.js","1763","00bb7505a9be8c4668d0bcf81088b86c4fb8fde4587b92115f2ef3ef7f07e8a0","js"
"backend/services/order-service/node_modules/eslint/lib/rules/no-self-assign.js","5629","154e8bfd17f7a2eabf3aeabaf9012f81676d84c8544f8bd0c68d435811475241","js"
"backend/services/order-service/node_modules/eslint/lib/rules/no-self-compare.js","1854","5a917693e9efa1fc64151b575a4bc461927938330d6b6c468dc6a28bb511c0e3","js"
"backend/services/order-service/node_modules/eslint/lib/rules/no-sequences.js","4777","cbce6c80dc934479601f5ccbfd21b1e5a4ed6bd0cbbae504425e8d4e4a134536","js"
"backend/services/order-service/node_modules/eslint/lib/rules/no-setter-return.js","7237","cdf09a54087264e42fedf22c471e2a9aeda17b90845dab2eeca21a93aaba5fb6","js"
"backend/services/order-service/node_modules/eslint/lib/rules/no-shadow-restricted-names.js","2212","155ea6d8ce046cdfbf7c4430a87b011077e0f4664688f70f3e8e244f937c0818","js"
"backend/services/order-service/node_modules/eslint/lib/rules/no-shadow.js","12606","329553a9f863dac03d108a45e87f3b08009c7e3af2103ec1810f685dc44078a2","js"
"backend/services/order-service/node_modules/eslint/lib/rules/no-spaced-func.js","2483","75a3486261eb392959a24c4e1950c99819aded80449431b86a240eebe55441c7","js"
"backend/services/order-service/node_modules/eslint/lib/rules/no-sparse-arrays.js","1195","00500d27587c6bc45d2039b43c8e4befd3c040d6462dabba025ddb56cd7218bd","js"
"backend/services/order-service/node_modules/eslint/lib/rules/no-sync.js","1685","2906cc3bf44eb9d5d7548ef742c374d1e5c1c0c11d208531d787920aabf65966","js"
"backend/services/order-service/node_modules/eslint/lib/rules/no-tabs.js","2504","0e7f4b6f3415df03071ffed6525a451c90b2c702a46b372825c9f10a8e6392cf","js"
"backend/services/order-service/node_modules/eslint/lib/rules/no-template-curly-in-string.js","1182","727b51cbce4fa02925cc74e4de847c095f31beff58818826d6ccb53e14e4cf73","js"
"backend/services/order-service/node_modules/eslint/lib/rules/no-ternary.js","889","8caf02c62beb58f3a8cb7ff403391890d7ddcb57e88d6e2757a40cf31b02e007","js"
"backend/services/order-service/node_modules/eslint/lib/rules/no-this-before-super.js","11134","2e5333e11b0e7a3ed9ce9da0c55b086b76382e3fec8837513c131d54ddacc97c","js"
"backend/services/order-service/node_modules/eslint/lib/rules/no-throw-literal.js","1306","d8346febd36e8f94a866697238eac7d88b3ee8e805151a422ed61b7e032ca4bb","js"
"backend/services/order-service/node_modules/eslint/lib/rules/no-trailing-spaces.js","6882","6e86b47bb486ede113b294c5046414b88fb0113ebda8d53f356692ede8aeccb7","js"
"backend/services/order-service/node_modules/eslint/lib/rules/no-undef-init.js","2408","f17348cb3711d8e6f1ec5e90fe7a8c1f4c9f36178f48a550a15918205ea31fb5","js"
"backend/services/order-service/node_modules/eslint/lib/rules/no-undef.js","2358","62d1c603235cf4b311459b5637eb72cae892bc03885df2549c8b3cfa8319510a","js"
"backend/services/order-service/node_modules/eslint/lib/rules/no-undefined.js","2289","53116359df66a88c81de40c7f7b44a055181357682c15eb2339dc4d9f9767c98","js"
"backend/services/order-service/node_modules/eslint/lib/rules/no-underscore-dangle.js","13097","350841782ad6f1ba0de2d9314cb4a2d9fc6923a8ab1ef2c1f8ac387c7ced692e","js"
"backend/services/order-service/node_modules/eslint/lib/rules/no-unexpected-multiline.js","4290","d3bfcd95dce05b2b158f0787623a47469b4f4bae2c5661ab7b241b37a7b36f99","js"
"backend/services/order-service/node_modules/eslint/lib/rules/no-unmodified-loop-condition.js","11933","a639e13535af426faf9777f01500fae4e09cd470f9ad0023a7dd4881f9e4a463","js"
"backend/services/order-service/node_modules/eslint/lib/rules/no-unneeded-ternary.js","6952","49b64c68e159a518707a06626e16dc826c6cbdef853b568e83f0a0d8162b03b6","js"
"backend/services/order-service/node_modules/eslint/lib/rules/no-unreachable-loop.js","6084","d2154646221d6550d523309d0bbcfcda156b099b72d05df8919c889736e0a06c","js"
"backend/services/order-service/node_modules/eslint/lib/rules/no-unreachable.js","9116","03b0f575458d5e272ef62b569207a91401fd382c467615d4fec071bbe5d28c49","js"
"backend/services/order-service/node_modules/eslint/lib/rules/no-unsafe-finally.js","4004","0d3fbd704788f0770c5928df04e44f9bfe6103ca4e238458fd64c58d5d31c419","js"
"backend/services/order-service/node_modules/eslint/lib/rules/no-unsafe-negation.js","4736","3b10ee9a8961cf0b6d21fb6da262bdbb89446308874fffd0cbc35d4150190084","js"
"backend/services/order-service/node_modules/eslint/lib/rules/no-unsafe-optional-chaining.js","7133","9a2b9734f0b447b84c96b292a133f238b693a935435dca50beb3757ba299ef0a","js"
"backend/services/order-service/node_modules/eslint/lib/rules/no-unused-expressions.js","6229","e3c124c855d6ecaadb22caf7cd0a856de954d05e59a8f4d41437623f2796e563","js"
"backend/services/order-service/node_modules/eslint/lib/rules/no-unused-labels.js","4659","8e1a28712bc65c59936cd6a7a70ca5c869472811b7314cbfe794a2aec34b82d2","js"
"backend/services/order-service/node_modules/eslint/lib/rules/no-unused-private-class-members.js","7867","6c9728ef222081f6473ab586419bf706ad83280b40df5e48cc3510eef7e4a0c8","js"
"backend/services/order-service/node_modules/eslint/lib/rules/no-unused-vars.js","27653","429c1aa62a7310ca4f1720546f89d31485197ffc9df9bdbeefd8b08a3d5f91f5","js"
"backend/services/order-service/node_modules/eslint/lib/rules/no-use-before-define.js","11146","3daa8dd766e56c70427c4c18e68850851eeef8e00a9ebdf4a70f67286b5046ff","js"
"backend/services/order-service/node_modules/eslint/lib/rules/no-useless-backreference.js","7756","4905ed6647158ab8db7f23568279242017619072c766ed9d6f0d02117688eaaa","js"
"backend/services/order-service/node_modules/eslint/lib/rules/no-useless-call.js","3057","fa91af1fa8b0c30bb8a5bdeff9a95adf69b21d4511058cbc9ea0ef3196e243fc","js"
"backend/services/order-service/node_modules/eslint/lib/rules/no-useless-catch.js","1749","74c18fd36234c226e91b0a7c16aad922b755b1e6315b7f9795e4224a41c8a81f","js"
"backend/services/order-service/node_modules/eslint/lib/rules/no-useless-computed-key.js","6452","33653e570539a738b3b9a1bde29a0deef107cf14d08c26da93af95bdde5bd9b8","js"
"backend/services/order-service/node_modules/eslint/lib/rules/no-useless-concat.js","3318","64d2252fef03650b728eb6b28f3853d1c7433434abc42eec32543742388097e0","js"
"backend/services/order-service/node_modules/eslint/lib/rules/no-useless-constructor.js","5888","411eafc88284cae83c0d18c8a891b5d160c8e81329ee30ef53016ac2a5117629","js"
"backend/services/order-service/node_modules/eslint/lib/rules/no-useless-escape.js","13501","6737ebc961ff6993e83f620925b78c9a3016da1ba56268b22c41819709f76b57","js"
"backend/services/order-service/node_modules/eslint/lib/rules/no-useless-rename.js","6016","10741edfb7ce658a5845ad72e02d79849c90d62cee66b1984121dcf4980f263c","js"
"backend/services/order-service/node_modules/eslint/lib/rules/no-useless-return.js","14347","a28ee9d160af4161d6df9be7d7f542928cb2b4e769a6fd396493ca6af9492a0d","js"
"backend/services/order-service/node_modules/eslint/lib/rules/no-var.js","12430","8a6ea912a8028f819507a2e65ea0f546612a49b5c84fa69b0023a9664c761433","js"
"backend/services/order-service/node_modules/eslint/lib/rules/no-void.js","1765","c029fbc0e961d5a244c7a171735268cb1cf35d3f6115cc4075b38af0070c06b4","js"
"backend/services/order-service/node_modules/eslint/lib/rules/no-warning-comments.js","7292","d693c2d39327b2796eea2ca2a3bbbc56f6763533cb17a036dd47fbb8870ab3a8","js"
"backend/services/order-service/node_modules/eslint/lib/rules/no-whitespace-before-property.js","4011","20455e8a02c08f821dba4a64465562e35b1100cf0b0ba2c1603e7bc784b97b7f","js"
"backend/services/order-service/node_modules/eslint/lib/rules/no-with.js","876","34cd572a5893d582f6bb4d4419e6b92b1b54791048dbc32f93961b2d3e5c89b5","js"
"backend/services/order-service/node_modules/eslint/lib/rules/nonblock-statement-body-position.js","4666","87282db302f02d49143302d0f2d2ea7d01be799e309e2571b13a12fdfab14512","js"
"backend/services/order-service/node_modules/eslint/lib/rules/object-curly-newline.js","11804","9d7995e362aec373d39310cab88823c013388495618bc72dafb88318abb89d4d","js"
"backend/services/order-service/node_modules/eslint/lib/rules/object-curly-spacing.js","11892","5ddbb47aeabcee37ca0c42cb0fe2693ffba3fedb65f370e4f84ffd54dbdb1c91","js"
"backend/services/order-service/node_modules/eslint/lib/rules/object-property-newline.js","3891","02191ba56acef1ec49c2a7f5d744a8a314fc2896e596e8d227daa0144e68d3e8","js"
"backend/services/order-service/node_modules/eslint/lib/rules/object-shorthand.js","22303","7455c3f5f40787d452e36738455b165269de4823c819f7a76e14eba27ceaf23f","js"
"backend/services/order-service/node_modules/eslint/lib/rules/one-var-declaration-per-line.js","2928","f2f20050e09082a800e2d1c9dbf8d9bdcd23416eb152316beac01df84af0c469","js"
"backend/services/order-service/node_modules/eslint/lib/rules/one-var.js","22904","727cc372998c1688fec0fa1c83ae2290ecf1927f1bb7a7dd37e74ba4c47d3cfb","js"
"backend/services/order-service/node_modules/eslint/lib/rules/operator-assignment.js","8781","81997f65b2ac36e352edee4b2bab93f0366c3d772c6d22cacd70bb7ddf08177c","js"
"backend/services/order-service/node_modules/eslint/lib/rules/operator-linebreak.js","10113","323000fc11fcbdbc619202f517015855e071ee90bbd44ebbe19fb112db6047c8","js"
"backend/services/order-service/node_modules/eslint/lib/rules/padded-blocks.js","11050","b411134c1b6e8669c5c27295e2a82359586689e726ed5f332f38ee5e30e5d47c","js"
"backend/services/order-service/node_modules/eslint/lib/rules/padding-line-between-statements.js","19303","e82fc73330013e98da836a4b2d3a9731f0e32db649464fa335a5d9c7cd654436","js"
"backend/services/order-service/node_modules/eslint/lib/rules/prefer-arrow-callback.js","14671","6cd3daf9d211e4f41ff10b2a9515ea3d01fdc889f3d34fd45619eb5db202e4df","js"
"backend/services/order-service/node_modules/eslint/lib/rules/prefer-const.js","18706","ef78fdf01b9b57aaa8662a7e1eac08643d84f24a6f9486c936734c827d714a04","js"
"backend/services/order-service/node_modules/eslint/lib/rules/prefer-destructuring.js","11194","a029a9148177af01b7daa00c9a65b9c0f252ad6115b8cca3e2af63d91799ce35","js"
"backend/services/order-service/node_modules/eslint/lib/rules/prefer-exponentiation-operator.js","7759","9a0cf353d745158dad1d36dc8b3b1442edc1036618d8606b6d22fd8abe595f2b","js"
"backend/services/order-service/node_modules/eslint/lib/rules/prefer-named-capture-group.js","5981","d4f7521feabd453895a5d2f5b04e6a78c895a22d7bab266e6b74578e454744a3","js"
"backend/services/order-service/node_modules/eslint/lib/rules/prefer-numeric-literals.js","5838","c7a018a22f87eab61144f2fb2b16468a148c83e85f2bc7eac75d7230b035c367","js"
"backend/services/order-service/node_modules/eslint/lib/rules/prefer-object-has-own.js","4341","5efac3280fb4d898b332d300251346c2e3401f330c01369d46df68eaeec811e6","js"
"backend/services/order-service/node_modules/eslint/lib/rules/prefer-object-spread.js","10703","5f655c06df43a637c5df0eaebb7be70f4d276519b7da86ac08309f3e28d5add5","js"
"backend/services/order-service/node_modules/eslint/lib/rules/prefer-promise-reject-errors.js","5502","c4c2408c732eaca6d9fe9ec987830b89f5aa978210ae26fd5e2952f87a8420eb","js"
"backend/services/order-service/node_modules/eslint/lib/rules/prefer-reflect.js","4696","cd450fad91f81a6f70c864e56610d62784ec14bd654a4fce915d5805363ccbf9","js"
"backend/services/order-service/node_modules/eslint/lib/rules/prefer-regex-literals.js","18497","f454812fb337651da8395209601983487b1075a05f8d7346ae385cc7e4027f6f","js"
"backend/services/order-service/node_modules/eslint/lib/rules/prefer-rest-params.js","3472","cf6ec38bb90b03c42156aa807f18b08335b6a9f60135ff6e3f71efed96bedcfd","js"
"backend/services/order-service/node_modules/eslint/lib/rules/prefer-spread.js","2849","444a7ca5491c328a63c654c9428b8299cec2446ebad1812c3e207523e007ead1","js"
"backend/services/order-service/node_modules/eslint/lib/rules/prefer-template.js","11419","550e0dbf414d3124ddff6157705f89a20652716f31e2210f14ddf6cba3305c79","js"
"backend/services/order-service/node_modules/eslint/lib/rules/quote-props.js","12099","c916435612552d96a64006c10f119d1599682eac9baeaf089ea168b86eb43f20","js"
"backend/services/order-service/node_modules/eslint/lib/rules/quotes.js","12703","4d5b4e8933fee8f09d2b65e5ff59ec116a1e441c1abc4df1dd39b60928db28bc","js"
"backend/services/order-service/node_modules/eslint/lib/rules/radix.js","6914","77e51e76a82a8a0f6cb42d37fad54671cdafc8ec4d38b350c860866143a19cca","js"
"backend/services/order-service/node_modules/eslint/lib/rules/require-atomic-updates.js","11367","6f08208ed97c325ede83eb5ace5598cd87c6448810861e2e999cc6fa4e48f1be","js"
"backend/services/order-service/node_modules/eslint/lib/rules/require-await.js","3350","ddb95b672fb68a30b77599247573d0d8982ea04dc50375d934a90e15c847d549","js"
"backend/services/order-service/node_modules/eslint/lib/rules/require-jsdoc.js","3865","8eecff80bc4be9c2491ddbd865cdc247acb63f8c13d540c78bdc850cab1ca424","js"
"backend/services/order-service/node_modules/eslint/lib/rules/require-unicode-regexp.js","5225","5178172b0bfe8a06242700b4a0844532beb5cbffa6f28209af7de4aaae201d17","js"
"backend/services/order-service/node_modules/eslint/lib/rules/require-yield.js","2103","321952d7b8349cdeddbb67c743502f41ac2face2d9a69ed05245b026989d2b1d","js"
"backend/services/order-service/node_modules/eslint/lib/rules/rest-spread-spacing.js","4128","5f0e55b4ac70ad89f7cfd4f6e8d405b513cb1c75b56e298281d3e9c7078fe21f","js"
"backend/services/order-service/node_modules/eslint/lib/rules/semi-spacing.js","8916","604b120714d2fff0ddb12793919aa8a641102e695a53736ef57c303caadda3b7","js"
"backend/services/order-service/node_modules/eslint/lib/rules/semi-style.js","5369","89e933d04945d02b92612b26274a72e252b221d16d9b53882c9afd434f5babcb","js"
"backend/services/order-service/node_modules/eslint/lib/rules/semi.js","16246","95efc5d3f43296b196476606b15b0a99cff80265280dd27ee4640076c38d60af","js"
"backend/services/order-service/node_modules/eslint/lib/rules/sort-imports.js","10876","77d65a542153df0fd1ae551c195a3b3deef7a8ef85d62f6720df358741607112","js"
"backend/services/order-service/node_modules/eslint/lib/rules/sort-keys.js","7329","ea58d39153ba49893b18365fe6b8abaac2b350678ce964636abed1384d070d00","js"
"backend/services/order-service/node_modules/eslint/lib/rules/sort-vars.js","4136","2214b01a234e641331d677464299f41952ef300db34b7120c57cee2a7ce365be","js"
"backend/services/order-service/node_modules/eslint/lib/rules/space-before-blocks.js","7315","c10c8e86789ea7b0093a8647e13e8d8524f1e486742b78d578879067e5699ef6","js"
"backend/services/order-service/node_modules/eslint/lib/rules/space-before-function-paren.js","6006","8944dc4b27b4eea0a8f31a740de6f04b931ddb351e4cc9d7e9df3a20aa4c817b","js"
"backend/services/order-service/node_modules/eslint/lib/rules/space-in-parens.js","10800","7ede56f2df543f19f8462b50459d1a7f6069034817d7d972fe58943023430c50","js"
"backend/services/order-service/node_modules/eslint/lib/rules/space-infix-ops.js","6576","be26d610f6a72f75f693cecd861748c0c5c069bb003138b7f18823a5eeb84c48","js"
"backend/services/order-service/node_modules/eslint/lib/rules/space-unary-ops.js","12687","4986dff9eda84de17ff2442fbe33cb1789c3654981d96ae4fa0cacaab63064e5","js"
"backend/services/order-service/node_modules/eslint/lib/rules/spaced-comment.js","13158","fa5f310c5f9b61e125ec25f3c44954f0d9e219e25104beae44ade82aa6aefc81","js"
"backend/services/order-service/node_modules/eslint/lib/rules/strict.js","10618","34d241895327be15f89a166b3901e38a9040141efdf8ae358aacde229a582350","js"
"backend/services/order-service/node_modules/eslint/lib/rules/switch-colon-spacing.js","5014","2af14a311815aa24d98d0b427117fb6e96a84c8c2ce7bc345751a93edf9efb2b","js"
"backend/services/order-service/node_modules/eslint/lib/rules/symbol-description.js","2093","86b7a412c53ac44e753919c0984589e6fe13ad948b47b9f948658f75900e9918","js"
"backend/services/order-service/node_modules/eslint/lib/rules/template-curly-spacing.js","4852","b5b94f7bd57126b61d953fc06dad59464e5f981794637741e146beecbbe01577","js"
"backend/services/order-service/node_modules/eslint/lib/rules/template-tag-spacing.js","3156","b77e0a6456f39f309ed6befd4c34eda4522a3e225b1e29888d456062dbc35fd7","js"
"backend/services/order-service/node_modules/eslint/lib/rules/unicode-bom.js","2206","ad9a3783a847ea8edb0f9c6b99c242cda44202ab885d8c1f2dc00ffc69ba5439","js"
"backend/services/order-service/node_modules/eslint/lib/rules/use-isnan.js","4753","48a2be474e8b9e757e7a09af3d7f8370e6296140919f2e8fcf48e84291d0df5b","js"
"backend/services/order-service/node_modules/eslint/lib/rules/valid-jsdoc.js","20560","a0cb22d8c4b590f86a4b957fac536790502dae2a9e5acb4cd9de154334fb96dc","js"
"backend/services/order-service/node_modules/eslint/lib/rules/valid-typeof.js","5040","ab29a93234dd645bb16687c03ae8e0ef2b2ea79cdc2bfcac1c748e274a324371","js"
"backend/services/order-service/node_modules/eslint/lib/rules/vars-on-top.js","5290","eddcdc46070b6f1287b1be8620d7ea2eb24aa5caa4f2dcd666c3f5aaf4fc934d","js"
"backend/services/order-service/node_modules/eslint/lib/rules/wrap-iife.js","7992","737dd2f06279c48c5d55afe0f60e9150be9c073302f81aece01ef1023291d9d8","js"
"backend/services/order-service/node_modules/eslint/lib/rules/wrap-regex.js","1891","98abaeaaa838c206c2dc16c41c0a2d7b3907b3e29b8d94c694a63b0077516168","js"
"backend/services/order-service/node_modules/eslint/lib/rules/yield-star-spacing.js","4413","ec7d8f0249e79815d93f2865b98e3036ca36f4d739143ad54050772e248c4ae8","js"
"backend/services/order-service/node_modules/eslint/lib/rules/yoda.js","12180","93faf8a1f2c9cee824d3958f8132f36f664d04784641d44a06047e13e99637a6","js"
"backend/services/order-service/node_modules/eslint/lib/rules/utils/ast-utils.js","80893","eab015e998a5b2786a854f2f65e5455987225e1549c20a7b14e09d6a1eeaa1ad","js"
"backend/services/order-service/node_modules/eslint/lib/rules/utils/fix-tracker.js","4125","36c4163f681ced68a7d1119daca8b079597e8bc863281dde02044fc7ef6e9524","js"
"backend/services/order-service/node_modules/eslint/lib/rules/utils/keywords.js","917","469688a67e4e540fa9aecc5ce51906b8670a05610e0c5dd78faeb89eb85b9585","js"
"backend/services/order-service/node_modules/eslint/lib/rules/utils/lazy-loading-rule-map.js","3071","a7e8b58defa8be74b3017c21f8eecd7aaab2e2d27e88d43cfa12df44498d2338","js"
"backend/services/order-service/node_modules/eslint/lib/rules/utils/regular-expressions.js","1201","bf82c8c2b0e9f0373b95de2eeabe61278ac4946a7cd8a864e3d51802818f8b61","js"
"backend/services/order-service/node_modules/eslint/lib/rules/utils/patterns/letters.js","8131","7c900526f7c3591bcf8c588e412ae025a869e54faa14a8d380bd856e8eab8be8","js"
"backend/services/order-service/node_modules/eslint/lib/rules/utils/unicode/index.js","345","8d80c5ebfd3fed0134d05bd03cf45fc3cdd45c4474bf5314f37074c33fd90ca3","js"
"backend/services/order-service/node_modules/eslint/lib/rules/utils/unicode/is-combining-character.js","449","8839be46734dfa6acf527e765422617631efbfc156b52515888388ca0ab45b4e","js"
"backend/services/order-service/node_modules/eslint/lib/rules/utils/unicode/is-emoji-modifier.js","367","9d3faeb8969d1b09ef91e102dd15216c6d25f67fc41191c34aa5f27aa952c07d","js"
"backend/services/order-service/node_modules/eslint/lib/rules/utils/unicode/is-regional-indicator-symbol.js","397","3278139db4feda5408a03775c2bb02cfd5e0b92c82e88df6eb6cd4a695e782c2","js"
"backend/services/order-service/node_modules/eslint/lib/rules/utils/unicode/is-surrogate-pair.js","471","55dd623d7d3aae66ca736a12a680546506e17f745a8de71172b690617930024e","js"
"backend/services/order-service/node_modules/eslint/lib/shared/ajv.js","993","867794715438e99a9154335f2d36d15c3a162fbbb961d31984ed2c491ac1dd22","js"
"backend/services/order-service/node_modules/eslint/lib/shared/ast-utils.js","910","a7593e57196e5506065e06153d2867868fb0ff9fb5c5a3e56d7ee60ee3c0fd4f","js"
"backend/services/order-service/node_modules/eslint/lib/shared/config-validator.js","11595","197bc156a99d34af7364854d882b9f295e81536ad91f9186130e237435d02a3f","js"
"backend/services/order-service/node_modules/eslint/lib/shared/deprecation-warnings.js","1938","4df4597b6b459653773f29a79897500522699aca1977933987308f240d29d8ab","js"
"backend/services/order-service/node_modules/eslint/lib/shared/directives.js","414","7ad56c5cc654b50162a2237ef8ebc0b7280d9b703485fc9b5c0362fdcd33b14c","js"
"backend/services/order-service/node_modules/eslint/lib/shared/logging.js","538","690c26c1ace1deb6300ed5bf2ecb1e48b0eb01811027ca702c1305e634b5f404","js"
"backend/services/order-service/node_modules/eslint/lib/shared/relative-module-resolver.js","1774","7a2641a94efbb9701e01e56bb5aa4d21cba6bfc9eff9f0a0f3251e16c60fe01d","js"
"backend/services/order-service/node_modules/eslint/lib/shared/runtime-info.js","5540","385acd44b791ba33ca11490f1b49da4f86682f9b2543dee2e9ad8e309a8fd8fc","js"
"backend/services/order-service/node_modules/eslint/lib/shared/severity.js","1260","0ca440324499a7512cda1bc8396861c33cfe4263cfaed0b0c10cdfeae89c4867","js"
"backend/services/order-service/node_modules/eslint/lib/shared/string-utils.js","1627","9f3d5eb2366ebb7cbaa5abbef59f12ac6986a3ff05c1336e7617ff99a78de883","js"
"backend/services/order-service/node_modules/eslint/lib/shared/traverser.js","5481","d288728b7de2eecb0243c0810db47741753784a1fc9732599aa32aef14ac9729","js"
"backend/services/order-service/node_modules/eslint/lib/shared/types.js","10665","ac5d3b8fd6693defe5bd81361374c2bfe23e56e6860c8e0e86642fa9d3a94017","js"
"backend/services/order-service/node_modules/eslint/lib/source-code/index.js","78","2dc9044d74948b47193c0b2dd856235559345470ff4f73fa47ece052ce5921dc","js"
"backend/services/order-service/node_modules/eslint/lib/source-code/source-code.js","38213","f7e96844af9b152fbd528cba34df578843d571076b180cb215a9bf5cf2381738","js"
"backend/services/order-service/node_modules/eslint/lib/source-code/token-store/backward-token-comment-cursor.js","2026","4a76cbd284d28a891f0aaaf57606580906d027289846b756ed7c472f4723dca5","js"
"backend/services/order-service/node_modules/eslint/lib/source-code/token-store/backward-token-cursor.js","1733","a6bf1300f9e2e3911ad32ab414dcda55f2c7e9025a9303a46bf143a2b5fe4f5b","js"
"backend/services/order-service/node_modules/eslint/lib/source-code/token-store/cursor.js","2325","6f84310948fa8ae742c6064a6630869444baaedd696844c8c4364de1d5490e12","js"
"backend/services/order-service/node_modules/eslint/lib/source-code/token-store/cursors.js","3835","0c944d823044b8760d37a9398ef3661aef884118b6e0d646b9c115dee3d24d97","js"
"backend/services/order-service/node_modules/eslint/lib/source-code/token-store/decorative-cursor.js","1011","3a747170c57c370f37f8137e96ba6f2f8a9e6af607b55d3350fccb0bf3ff163b","js"
"backend/services/order-service/node_modules/eslint/lib/source-code/token-store/filter-cursor.js","1207","c5730f98ba9c4fb0c8f7688c38ba723ea2e8599ddcf452e49e254747e2b8939e","js"
"backend/services/order-service/node_modules/eslint/lib/source-code/token-store/forward-token-comment-cursor.js","2036","c1e9c66c153ccba75888b57ac0fdb8da212b1cc930ebfa7b474563bbbad79438","js"
"backend/services/order-service/node_modules/eslint/lib/source-code/token-store/forward-token-cursor.js","1826","2cb16a5449ae5ce894ded23ce2962758ac27b0fa807e92ab8424ac1ffad527e8","js"
"backend/services/order-service/node_modules/eslint/lib/source-code/token-store/index.js","24754","c53af12545416e9756f169d167fbe0181ad5333619353da95844578933f71a2e","js"
"backend/services/order-service/node_modules/eslint/lib/source-code/token-store/limit-cursor.js","1106","198bb7a8b673c8495a4db345e7faf362ac2470affc2dd48b19aaa0d65f9e2dd1","js"
"backend/services/order-service/node_modules/eslint/lib/source-code/token-store/padded-token-cursor.js","1614","6690d476216a018ec1000c241f60a0feea1bf60b1bec9d291c037d792f30ee4d","js"
"backend/services/order-service/node_modules/eslint/lib/source-code/token-store/skip-cursor.js","1162","3c5e4fbd14f2ede6ea05c48793a0ed2426bd649e65f0f87f762da13ba2665b45","js"
"backend/services/order-service/node_modules/eslint/lib/source-code/token-store/utils.js","3745","4f6732c876f997f53c123713e3027b0769efe1b106026aed5db8b265bd8607d4","js"
"backend/services/order-service/node_modules/eslint/messages/all-files-ignored.js","665","c5325ad8b554d77f245f4d11a7803986a66b7b4f5ca981fd1413b6a78e4b9332","js"
"backend/services/order-service/node_modules/eslint/messages/eslintrc-incompat.js","3840","3805a03dc0dee5fc4bd75b8a74be411405100d461b1c3426790a0f4e35bdc523","js"
"backend/services/order-service/node_modules/eslint/messages/eslintrc-plugins.js","851","9c25a7c3ba2bd13cab02ff48a326f0ae53bbcdb29c5e7a8a043f45a3aaa9b4d3","js"
"backend/services/order-service/node_modules/eslint/messages/extend-config-missing.js","423","e842673aea55f8d81b1ec7d142e7183588ecbb7258bf23109b48623ad47f4e36","js"
"backend/services/order-service/node_modules/eslint/messages/failed-to-read-json.js","162","33a3fbbfe084d79a1a397082fed35aa21c234ccd142fc4543e1c5bcfa08f8f10","js"
"backend/services/order-service/node_modules/eslint/messages/file-not-found.js","273","eef985b10ade496d9774aebb95d103d4bdd6b4a688b1428b6aa2d27504cae443","js"
"backend/services/order-service/node_modules/eslint/messages/invalid-rule-options.js","650","f932745c38c5f9f66d1606d3294724403b0330da4650698653b1a5cf67f991ad","js"
"backend/services/order-service/node_modules/eslint/messages/invalid-rule-severity.js","410","76689107af9f03661f1039ca90cfd5621f5ba32eb157caf59304daccdfc3e887","js"
"backend/services/order-service/node_modules/eslint/messages/no-config-found.js","525","43816df1696b80d262da047d3d603195c8ed926cb49434b662e7fdd3e3eef69c","js"
"backend/services/order-service/node_modules/eslint/messages/plugin-conflict.js","545","24013bd716c8d8a7964c463ef0f2002be012838917774108d12a6a3ed5e85018","js"
"backend/services/order-service/node_modules/eslint/messages/plugin-invalid.js","662","4e51e31cba4e75c8d368a6f57362fd9305ce6789b1db7b41b272dac56f6dd814","js"
"backend/services/order-service/node_modules/eslint/messages/plugin-missing.js","668","d164b89203dcdae9c0c7d2a0606d56fddfdda3356bce8c42c48696d486c0e6ad","js"
"backend/services/order-service/node_modules/eslint/messages/print-config-with-directory-path.js","254","715af6fca23832547cf3d8200e3a2b0c50dd3ae2312591887868abbda002f05f","js"
"backend/services/order-service/node_modules/eslint/messages/shared.js","531","ee85b7815b53b96d72c3451bc2086e2acfeccab83973662b24a8506381a0c3d5","js"
"backend/services/order-service/node_modules/eslint/messages/whitespace-found.js","391","6ee215721c0b639eed8d7a263512ec2f393d918847d26ca078fb239955e526c5","js"
"backend/services/order-service/node_modules/eslint-scope/LICENSE","1390","d3a724e2ed749f172ff70b62a1d0631b7d4b0ea273782365a3464d4e2d6b6dbd","unknown"
"backend/services/order-service/node_modules/eslint-scope/package.json","1836","9ce05f38587f5e7af25b27e3506d7ee49b600158964e5e0b77ae27d1388d2392","json"
"backend/services/order-service/node_modules/eslint-scope/README.md","2025","8f56f252d3459132656b206ca39dd5cc4393406e7f5a2fcb61213cfd5902416d","md"
"backend/services/order-service/node_modules/eslint-scope/dist/eslint-scope.cjs","69336","74a2148ae59af6092a9e9f8b0bdd73fddbb909c606494ec69d0e17e817a8108f","cjs"
"backend/services/order-service/node_modules/eslint-scope/lib/definition.js","2852","24623d9c04583985e82a5c61b471627cdc09c1da614979cab320954d7a5603e6","js"
"backend/services/order-service/node_modules/eslint-scope/lib/index.js","6584","f912f8aa360ebdc5911e93f533d0461db5de71f11e0dda0540cad25ad558ef82","js"
"backend/services/order-service/node_modules/eslint-scope/lib/pattern-visitor.js","4925","ac0057f515a8954969eb9becd12bd997d0c2d599d2b0b40ef1f6bdf8b27a714a","js"
"backend/services/order-service/node_modules/eslint-scope/lib/reference.js","4773","ecf4b7686920d91fcdc39b87892428e99462ff4460858c6e996c4fb4297b2159","js"
"backend/services/order-service/node_modules/eslint-scope/lib/referencer.js","19469","7b55d8120880a07d7b448ad05400338260a5e912bfc80437f92fb813e4415310","js"
"backend/services/order-service/node_modules/eslint-scope/lib/scope-manager.js","7601","d97bf7d10533a13b4ea46cd91c0abad0bccbbb3cd66e80e798523cf70ce01d69","js"
"backend/services/order-service/node_modules/eslint-scope/lib/scope.js","22361","84c0436821d71cdc7b2d530db1655fa703ec8f3ecd6eabc04c5bc3f174465e06","js"
"backend/services/order-service/node_modules/eslint-scope/lib/variable.js","3131","3bc53213c108a404b6634a78c7e9ead70824d0e25b97ebf040cd2a5d76642554","js"
"backend/services/order-service/node_modules/eslint-scope/lib/version.js","50","790e3a172d05679398ac695da97edd1574137e1f3ea5081bf2f98e53abbe89d7","js"
"backend/services/order-service/node_modules/eslint-visitor-keys/LICENSE","11337","d8bf34ff6d190640a01e7704ad78253fc181bc128949d71273fbbaa12f33c0b4","unknown"
"backend/services/order-service/node_modules/eslint-visitor-keys/package.json","2410","54feabdd2ef488414247dd4ecf71542549db02baced1153465c3ac2e5bf61a6c","json"
"backend/services/order-service/node_modules/eslint-visitor-keys/README.md","2729","8d9720087bd234ab5c11e7948be50bb45272fa74ce7cdcf2d727e062dde9d212","md"
"backend/services/order-service/node_modules/eslint-visitor-keys/dist/eslint-visitor-keys.cjs","7115","854c4ffe852e332b9c610edc0dd624ea1981482163359360661beceab6e8b373","cjs"
"backend/services/order-service/node_modules/eslint-visitor-keys/dist/eslint-visitor-keys.d.cts","753","be156c9c6a61ccdb92e6206ef8e1bd1b2e4f9ee3e5073c3e54ebcea03fcac887","cts"
"backend/services/order-service/node_modules/eslint-visitor-keys/dist/index.d.ts","596","de9debff560ff7c77f9d8967731e2be05fe30b7cadbeaa73e788ae0e73e163bf","ts"
"backend/services/order-service/node_modules/eslint-visitor-keys/dist/visitor-keys.d.ts","291","110c5b50a209273cf7a213fcfa157abadf65d7312ec2bf3f5fbcab5316fa1461","ts"
"backend/services/order-service/node_modules/eslint-visitor-keys/lib/index.js","1758","5c67c338524f6948e1ae5c293d96e055ff6e7544aad482542e2341b882e96fb5","js"
"backend/services/order-service/node_modules/eslint-visitor-keys/lib/visitor-keys.js","5289","d446555ad316b7fe4df13738bb5438f6eb2040954dbf30c64b9e6557cbb31ca9","js"
"backend/services/order-service/node_modules/espree/espree.js","6612","b1f044d6696b9d5f0b6ecc8cc8ef47020fa433e41a2c6a0576137444d966a06d","js"
"backend/services/order-service/node_modules/espree/LICENSE","1322","26c95937762a3dc17a3934a0a2773c70259ba4bf28dab713c225e4af8eb9d349","unknown"
"backend/services/order-service/node_modules/espree/package.json","2603","b44090b712f8c3648f94e4dca01baac64e888968f55e5158606089e2c2f9fc6a","json"
"backend/services/order-service/node_modules/espree/README.md","10139","27469f526f2585a020e06f5022477b268e7f5feb52b047aa33d16ba1d847813a","md"
"backend/services/order-service/node_modules/espree/dist/espree.cjs","28090","065a841394e12ab4121536cf050d0ce9831d9264aa5c6576c7194291ad68fc90","cjs"
"backend/services/order-service/node_modules/espree/lib/espree.js","12137","8c6c3496e756b4b45d8a04170c24ccf5786bd9e0403ea2a52640ebc9d11a3b08","js"
"backend/services/order-service/node_modules/espree/lib/features.js","696","abf0088bc480f256d635c9e238c3fa26e0ea366db776da1193b928df5836e89a","js"
"backend/services/order-service/node_modules/espree/lib/options.js","3878","9885b93a3038f35dfbb0e9216bf015cea266750d1fb0435f81577c9cb2199836","js"
"backend/services/order-service/node_modules/espree/lib/token-translator.js","8115","b426d6ba30ae2841a3cf9da92ad7db36818febb349c480b6d8830e8be7eb80c8","js"
"backend/services/order-service/node_modules/espree/lib/version.js","50","b7bf9d97d65ebfd190f6d35fe2a12e7e86c9447455008fff746ec196431313b6","js"
"backend/services/order-service/node_modules/esquery/license.txt","1488","ac68116ae73740de4190892f334992e449a124600924ec761e64319d3aac9e6e","txt"
"backend/services/order-service/node_modules/esquery/package.json","2030","e69c382432559247e50fd8886b0476d4066fd90a47d80e6e722db4d164dcf61c","json"
"backend/services/order-service/node_modules/esquery/parser.js","79242","04c484180f6c46468a6b92ee2ed629f6d71206fb8ff9e706fd63d9b091b5d429","js"
"backend/services/order-service/node_modules/esquery/README.md","2182","6b0983cd4a59559a3903aef3bf4bce41e32f6290f119d1d3cf51728a1c156e4b","md"
"backend/services/order-service/node_modules/esquery/dist/esquery.esm.js","131615","010440fcf01440cf79491558566da89bb9fbdc225d877ce7b1289c5f230f71ef","js"
"backend/services/order-service/node_modules/esquery/dist/esquery.esm.min.js","36550","6a586c4b53ccf8c593a305b7bebd9c7c197275546f2ffa05fdc44e16ecaa3424","js"
"backend/services/order-service/node_modules/esquery/dist/esquery.esm.min.js.map","188756","d9d1225655801ffae3f7843464e0a37309aa33a2db713a9fa959eefd056a1766","map"
"backend/services/order-service/node_modules/esquery/dist/esquery.js","140614","cab760a32c4a2560f839d82ac1833483a34ec70e996156c56e484c92a0c65636","js"
"backend/services/order-service/node_modules/esquery/dist/esquery.lite.js","115069","5523c06aa02139bff3be84699dc0b00c93308804a4f400c9b0887d42e56de324","js"
"backend/services/order-service/node_modules/esquery/dist/esquery.lite.min.js","26203","07c9d3994faa452cbd3aef83cacb5f6aa64bb8c869b8f944d00f5a1cc2925d06","js"
"backend/services/order-service/node_modules/esquery/dist/esquery.lite.min.js.map","147852","41579ba7b3cbeaef18ba86d5613bcafd06e02df10ae6a3d0e1a49b21c0173020","map"
"backend/services/order-service/node_modules/esquery/dist/esquery.min.js","36731","a878d2bd2377c0c6bdea21d645b9ae8baeaa0d7caa904e376dc610defdaf9b80","js"
"backend/services/order-service/node_modules/esquery/dist/esquery.min.js.map","188752","8342c4a18cb85f1dc6d3860e456dee1b7d263c1c4d81bd22a3473a282418228a","map"
"backend/services/order-service/node_modules/esrecurse/.babelrc","30","9b5fa5ccf91f15404f266f8595c85a005814efdecc3fd7c584630e6667fb5597","babelrc"
"backend/services/order-service/node_modules/esrecurse/esrecurse.js","4230","aa99847033c240a621fe987f0e06b754f388f22abd11a05bdf9cdd00794b7350","js"
"backend/services/order-service/node_modules/esrecurse/gulpfile.babel.js","3000","fb47567884ee5dddc084a93db85d940f0874dbb4a1863820c6c317a3a83e62b1","js"
"backend/services/order-service/node_modules/esrecurse/package.json","1165","3bc67cb54672ec6957b53947613c23599371bf9222dbbe97275d20516a561a20","json"
"backend/services/order-service/node_modules/esrecurse/README.md","5102","a7007c78c9d9da690ef6cdb0e7a3427d05832edb00abd1f5a9882700d73be4ad","md"
"backend/services/order-service/node_modules/estraverse/.jshintrc","242","48460ff8874f6b68482ec068c01f7246ae406b891749f92f3d06180b3c70fc35","jshintrc"
"backend/services/order-service/node_modules/estraverse/estraverse.js","26957","818578222a4686be24197cac7e9ea00a6b32a0312c86a2bb946ec4b7faeee93c","js"
"backend/services/order-service/node_modules/estraverse/gulpfile.js","2790","02601a92111d2c67d2f9bc725a66c80aceb7e24a9e266a2ab5e83c5b9e01b27a","js"
"backend/services/order-service/node_modules/estraverse/LICENSE.BSD","1231","0e74697a68cebdcd61502c30fe80ab7f9e341d995dcd452023654d57133534b1","bsd"
"backend/services/order-service/node_modules/estraverse/package.json","1009","133a5be160a0123ad20ab8f2bdaa9da2fd94ebf3403996bf4cb69606e6a84a65","json"
"backend/services/order-service/node_modules/estraverse/README.md","4865","623a48ac487901c20b18ff241617efb3adf6a3b8c077073fccdddc770404c991","md"
"backend/services/order-service/node_modules/esutils/LICENSE.BSD","1231","0e74697a68cebdcd61502c30fe80ab7f9e341d995dcd452023654d57133534b1","bsd"
"backend/services/order-service/node_modules/esutils/package.json","1042","af08fd13ef49c88af75c5f4ad02812216028ad848f8354fd97346e7ddc816c0e","json"
"backend/services/order-service/node_modules/esutils/README.md","6828","ba26d5a7ec2bd7f61a378363e3388619f8f6d3b53710e7dddea97bbc685eb305","md"
"backend/services/order-service/node_modules/esutils/lib/ast.js","4728","8669a19ac4f79d01066caf7ad10af932d1447e61f5550443b8e440b10107cae7","js"
"backend/services/order-service/node_modules/esutils/lib/code.js","29610","8dabc2d1e5fe4d32566ac4862c456d5838df78a10ca73dc0ec3ba5757059435e","js"
"backend/services/order-service/node_modules/esutils/lib/keyword.js","5616","5997bc445028d03be34532eafd682b0ae2b60995651128a0aebb59d1851d5473","js"
"backend/services/order-service/node_modules/esutils/lib/utils.js","1527","248f2c62daf43dcb48bd834cdb1dd9f7fa0e6437c4e3cb278085461fb063d3f0","js"
"backend/services/order-service/node_modules/etag/HISTORY.md","1732","a6311c59a3ea30af617c8526eb2aa086b835260bf05490c81fa8e696e24ce7cd","md"
"backend/services/order-service/node_modules/etag/index.js","2479","a95a23b9a60726a4522b768c88ad73a7ea2c539d220068227f5510a8ee2008ae","js"
"backend/services/order-service/node_modules/etag/LICENSE","1094","a7996721249a136fbcfc1c201bcb5f414f38a701d4a24f28abe65e16cfcce813","unknown"
"backend/services/order-service/node_modules/etag/package.json","1306","836b9a5dd1c6af638f4602e83e2568277f9ab1f457db0b95d949c2a4ddb0462a","json"
"backend/services/order-service/node_modules/etag/README.md","4198","8a982db264a205206e5f2c18b0dc2fbb3a46762e997e89fcebf439e390d0cf65","md"
"backend/services/order-service/node_modules/express/History.md","115669","0a501bc1d44a70b5daf6e93c51bc15e76471af56066b015f408e9aa6bb4165f8","md"
"backend/services/order-service/node_modules/express/index.js","224","4d2f5afc192178c5b0dc418d2da5826d52a8b6998771b011aede7fdba9118140","js"
"backend/services/order-service/node_modules/express/LICENSE","1249","95a5762890e5c1c9808921cef095661fc482c5e1f0bba31446ac85595df6237c","unknown"
"backend/services/order-service/node_modules/express/package.json","2821","c8c3c3159737c9747b5f77f0a5312a890a416563250cf5a12e3d09032f02e91b","json"
"backend/services/order-service/node_modules/express/Readme.md","9806","016f344ef66b81bbe03c8516e5414982244599fec6401f0fcc1ccb112123d370","md"
"backend/services/order-service/node_modules/express/lib/application.js","14593","5901b32f609ba349351bf7406dbdc0c4c57b77ce6f7215ea67ccca5ac2a28e88","js"
"backend/services/order-service/node_modules/express/lib/express.js","2409","2f25585c03c3050779c8f5f00597f8653f4fb8a97448ef8ef8cb21e65ba4d15d","js"
"backend/services/order-service/node_modules/express/lib/request.js","12505","64ac10752c0516d789cb0698bb433586d4ce3b46f7f06ee3cb2880762b8bda40","js"
"backend/services/order-service/node_modules/express/lib/response.js","28729","4b5c338cb66eb53b07ef900bacf4cd520f057ae53996402286f4334e02806d56","js"
"backend/services/order-service/node_modules/express/lib/utils.js","5871","9035c6d946ece511e749043cc823e32d3efe6727b8a9d52aac89649e99584f09","js"
"backend/services/order-service/node_modules/express/lib/view.js","3325","ec627880c1b43aee5887164ac2e9c58f01e4ee8086e23a829eddf1af3858c021","js"
"backend/services/order-service/node_modules/express/lib/middleware/init.js","853","48c1d12f1494b20377fcdeec9056272eff84ed8c081e1e56dc2aea395f77d19c","js"
"backend/services/order-service/node_modules/express/lib/middleware/query.js","885","6edce3963588b42e41942900b24218e665b97df0c0b1c74090b2b934fa68ca08","js"
"backend/services/order-service/node_modules/express/lib/router/index.js","15123","19c5ca9b025396612dbe464d07fbe7104ff9170c4d6a1c7e5507df4dbbf4d5cb","js"
"backend/services/order-service/node_modules/express/lib/router/layer.js","3296","c90709dcba8d9a6cfd1f2b4ef6d7a22d833e317f0c876d884342cee5a96f8a02","js"
"backend/services/order-service/node_modules/express/lib/router/route.js","4399","86db123570815a63dc23aa88d73e1b3dce908692ac2e3cf20fa350d69de63337","js"
"backend/services/order-service/node_modules/express/node_modules/debug/.coveralls.yml","46","64e6b64f19837a76c30865579aabdde1a825729ae0204ba73ba6de77296ce18e","yml"
"backend/services/order-service/node_modules/express/node_modules/debug/.eslintrc","180","7b7d5a5736dddae0e7cf1c06cdf41ddd9f98e73db8f57a18fe4c9bd0f52f9aa3","eslintrc"
"backend/services/order-service/node_modules/express/node_modules/debug/.npmignore","72","f4580152a6f48954b44cb2a0a002fa500467663db5a6dc8e796b52533dc04ec1","npmignore"
"backend/services/order-service/node_modules/express/node_modules/debug/.travis.yml","140","839e44ee0a96a3e302dc6472800b51822982b77d08f19200ab2cc70534781fd8","yml"
"backend/services/order-service/node_modules/express/node_modules/debug/CHANGELOG.md","11707","d8c1b0717964e189010b13521379c3b970eecc889cb8b788ac21d8dd85247165","md"
"backend/services/order-service/node_modules/express/node_modules/debug/component.json","321","2e5ab9ae90f41699e00d00fca16765024f437300a0568c2208669cc281ba7656","json"
"backend/services/order-service/node_modules/express/node_modules/debug/karma.conf.js","1736","2430869adb61a5e24a3612110a9b49a948e6db43ab7e947c003a9c19c478e609","js"
"backend/services/order-service/node_modules/express/node_modules/debug/LICENSE","1107","98c970de440dcfc77471610aec2377c9d9b0db2b3be6d1add524a586e1d7f422","unknown"
"backend/services/order-service/node_modules/express/node_modules/debug/Makefile","1059","f6466507e02c62f14e477af08e4a13ec883152b54d87feeffb8f0d6de6e9013b","unknown"
"backend/services/order-service/node_modules/express/node_modules/debug/node.js","40","996b381f353555cb172ebb2802bb2a7323442ff67b7b530cc26834058d7f31a2","js"
"backend/services/order-service/node_modules/express/node_modules/debug/package.json","1138","6c3d2c892db282317913ce7c340dd2edccd326bcafd18b644b8738144967d6ee","json"
"backend/services/order-service/node_modules/express/node_modules/debug/README.md","17918","cda3dbd285a2b65894758565a565e7bc2e7c3696225af7b5bd01454240df0aea","md"
"backend/services/order-service/node_modules/express/node_modules/debug/src/browser.js","4734","0144ab6a52b9330c567de11a5c3a4aea35cdac47a4c106482aa24ae8054cdc6f","js"
"backend/services/order-service/node_modules/express/node_modules/debug/src/debug.js","4394","d8d1c1d6c387ab67c3f28d78fd0b20b9becd69442db9d3efe110ca464b509c8a","js"
"backend/services/order-service/node_modules/express/node_modules/debug/src/index.js","263","9a34fedeb2d269c46ed94e6f13039eb0d16d866dd460ec66fa3acd78122fa9fe","js"
"backend/services/order-service/node_modules/express/node_modules/debug/src/inspector-log.js","373","949ae67ec1b655694f83dce57d47d9d77234f9e7d698616932a90e69c7afee91","js"
"backend/services/order-service/node_modules/express/node_modules/debug/src/node.js","6015","a3e83594a4ce88997e2e4fc66bc942b17b9d736290ad62560c7f09d6d0989ad0","js"
"backend/services/order-service/node_modules/express/node_modules/ms/index.js","2764","4bd92209cb9dacf3e3773e725acb7aaec43ea9e78540324e4d0f73e5ce9adef7","js"
"backend/services/order-service/node_modules/express/node_modules/ms/license.md","1077","6652830c2607c722b66f1b57de15877ab8fc5dca406cc5b335afeb365d0f32c1","md"
"backend/services/order-service/node_modules/express/node_modules/ms/package.json","704","30fbfaa3840b2f63978ad4bcd7ed8dc24d277b818e4755fe93eda8cb1bc8b74c","json"
"backend/services/order-service/node_modules/express/node_modules/ms/readme.md","1721","c9ac67ff103c01871b0ff09e2f094631991908c1fd0dc08bdb53287e5a760ae5","md"
"backend/services/order-service/node_modules/fast-deep-equal/index.d.ts","103","37ffe3c12813b6a6d512f7c27b71f3388d03dafa10555ad5094cea393ed3d1f6","ts"
"backend/services/order-service/node_modules/fast-deep-equal/index.js","1177","eb469e206280321a3878f2335ec98aa2104a155079d8ed83a23029098dccd215","js"
"backend/services/order-service/node_modules/fast-deep-equal/LICENSE","1074","7bf9b2de73a6b356761c948d0e9eeb4be6c1270bd04c79cd489c1e400ffdfc1a","unknown"
"backend/services/order-service/node_modules/fast-deep-equal/package.json","1496","a5c63940db0260739be9e2ac67f3aac268df4db5770420ee4e34e493152f97d2","json"
"backend/services/order-service/node_modules/fast-deep-equal/react.d.ts","66","d979def17dea97ee491c975f3d3cb31957b7970a791c1d5a3854ea6cd4cce91e","ts"
"backend/services/order-service/node_modules/fast-deep-equal/react.js","1451","37cbd168dbd42c73119ce7326556bddef40b3a5fbd2e215cf81a7c78fb73ff9a","js"
"backend/services/order-service/node_modules/fast-deep-equal/README.md","3323","ada32c1b53bd74640a22806e99b25c2b8ab2946eed338f325114be87bd5b9fce","md"
"backend/services/order-service/node_modules/fast-deep-equal/es6/index.d.ts","66","d979def17dea97ee491c975f3d3cb31957b7970a791c1d5a3854ea6cd4cce91e","ts"
"backend/services/order-service/node_modules/fast-deep-equal/es6/index.js","1935","d7f027497048c75e17268dbc66b670579d4f70f2dc0e019cdc9edf5078c247d6","js"
"backend/services/order-service/node_modules/fast-deep-equal/es6/react.d.ts","66","d979def17dea97ee491c975f3d3cb31957b7970a791c1d5a3854ea6cd4cce91e","ts"
"backend/services/order-service/node_modules/fast-deep-equal/es6/react.js","2209","366779cbb7821d26d18b9eaa12b6788cbb101cdbbabcae36f2919a5f48534ef0","js"
"backend/services/order-service/node_modules/fast-json-stable-stringify/.eslintrc.yml","562","9fc0c7b5ab3b3d5780cc373e7ebc03f789a512aca4a37f6e23948559bfe007f4","yml"
"backend/services/order-service/node_modules/fast-json-stable-stringify/.travis.yml","111","28b0f73d5f8a073c9473bc3a4c29468f89570725859a75df9e64b0419ac7470d","yml"
"backend/services/order-service/node_modules/fast-json-stable-stringify/index.d.ts","110","6c360ff81ea615810619342d67cea417bb971ada8961ac1aa86c23aff366c58f","ts"
"backend/services/order-service/node_modules/fast-json-stable-stringify/index.js","1845","8bf5495e16a363606a21f4903f0213f175dbadfab73eb98382befc7a88f1395b","js"
"backend/services/order-service/node_modules/fast-json-stable-stringify/LICENSE","1145","a833d366242c298cf1b10263516572fb8dcbe68eb5072cdcac2b4546e2b4eb36","unknown"
"backend/services/order-service/node_modules/fast-json-stable-stringify/package.json","1257","c4907a6cf1a242f65589b9bb762b9330088aa4a940d382b470d3c47b5309ef44","json"
"backend/services/order-service/node_modules/fast-json-stable-stringify/README.md","3517","6f9ef416a3605e2a65ddacf76d820fc4d18664117bbd49ffba4bbfc999f74f11","md"
"backend/services/order-service/node_modules/fast-json-stable-stringify/.github/FUNDING.yml","43","b8999ab070976cb259c0a5c7955477027d75de717ed125706f92be900008181d","yml"
"backend/services/order-service/node_modules/fast-json-stable-stringify/benchmark/index.js","740","3429c2ef7994839b04e472f561412650595ef997a8173673c6d409b58eb73b73","js"
"backend/services/order-service/node_modules/fast-json-stable-stringify/benchmark/test.json","3828","6e92665257a4cdb5d0a7408e25b81e1661831e2a28017ba132a04c6ae3cfbe2b","json"
"backend/services/order-service/node_modules/fast-json-stable-stringify/example/key_cmp.js","177","8bfb1825ceaa31e04eb55d48796bd1ebb599d61921f9ed632238482258c2ade3","js"
"backend/services/order-service/node_modules/fast-json-stable-stringify/example/nested.js","109","2407719be20d1f8e84d0eb52019a850e3e97d0bad79d1e21c215d5ba9fb8031e","js"
"backend/services/order-service/node_modules/fast-json-stable-stringify/example/str.js","97","7b78227c48a3373d053728a6fa70b5eca194e2121ade3410b44623c45ce77d89","js"
"backend/services/order-service/node_modules/fast-json-stable-stringify/example/value_cmp.js","188","a90e841d945d9d1cb9ee27705e95f242f7c7cfc05924fec35fa0bc9db4743130","js"
"backend/services/order-service/node_modules/fast-json-stable-stringify/test/cmp.js","350","9f4226c99dadc75838025a79ef44f1b45f5ed0a5ca78de895ea3b1de009a12eb","js"
"backend/services/order-service/node_modules/fast-json-stable-stringify/test/nested.js","1147","ec8da51cd7c5c943590adf563cc2284cd60ddc7b680227741c135f7a4bf8077c","js"
"backend/services/order-service/node_modules/fast-json-stable-stringify/test/str.js","1126","c79fac4531b2c0769a645ef651f8ab1323e4d3c64d422e15cd4e024ff96679b8","js"
"backend/services/order-service/node_modules/fast-json-stable-stringify/test/to-json.js","607","296484301720987d495831a69a05a500b23ad0d9bd5074ff441b86aa0efd6a5f","js"
"backend/services/order-service/node_modules/fast-levenshtein/levenshtein.js","3932","1470a3a757e4bb0de73e0b2c032b549aedef68eb6189cf22a701f55d8b2b55e5","js"
"backend/services/order-service/node_modules/fast-levenshtein/LICENSE.md","1100","942a98cb8846a6354266193f173c1354615827fbb7d67f68399599dff12c4d6a","md"
"backend/services/order-service/node_modules/fast-levenshtein/package.json","998","80167ee3483f23228b48d5cf5c9db355bacf55922282eb132af83136b9c9213e","json"
"backend/services/order-service/node_modules/fast-levenshtein/README.md","3414","98c0fce4bf59ce20c5a470f183af69a4c22307e9aeef8100049c555e6aaa48a6","md"
"backend/services/order-service/node_modules/fastq/bench.js","1195","0e5d43863154edd92c136e8054c503782b49779130baa3dd59840ec42959bb56","js"
"backend/services/order-service/node_modules/fastq/eslint.config.js","244","c398a15fc5c23b40cafc7a139729e5d9a5fe034730fc3dc1a3ca513f5c878847","js"
"backend/services/order-service/node_modules/fastq/example.js","238","417b88a3f41af145d6e77abb198eac1db57f71b652e141821c96c0bbf479981d","js"
"backend/services/order-service/node_modules/fastq/example.mjs","199","ebd9dba0fe50321d19f9ffe9f06ce1e6340609917bc8baec8d54296770548235","mjs"
"backend/services/order-service/node_modules/fastq/index.d.ts","3709","2a22f10d9b16c9ba87b175cabc20876e70784bfd13fbbc537f02437237f93ac5","ts"
"backend/services/order-service/node_modules/fastq/LICENSE","765","c3367f6d01a79d368fc4fbb41b3615fcd92f243d6597ab96742f6f976f9325af","unknown"
"backend/services/order-service/node_modules/fastq/package.json","1318","48ba805474fbb8fc71050262e9df530bcc41ae71dc39f916bb646ccf4767dbb8","json"
"backend/services/order-service/node_modules/fastq/queue.js","7014","00bc4c635e66ecd8d8e6b8839a80a96995464a3e6064d0e1666e336983809659","js"
"backend/services/order-service/node_modules/fastq/README.md","8215","e79633b399f78c1c83389a3e13e9d5b1af0745c9d68c95a7e7f7db3ad11b40a0","md"
"backend/services/order-service/node_modules/fastq/SECURITY.md","455","d0614fe0e0f9034c8a695ffffe13a4cd606473173e4cf7a4d030dd980fe40748","md"
"backend/services/order-service/node_modules/fastq/test/example.ts","1462","26441ad872f5788bdf8bf92b8b209045b01640a1c2d978e0fe909c6a8343c1e4","ts"
"backend/services/order-service/node_modules/fastq/test/promise.js","7136","584cadf2ef30d98b2a6b875bd2a90783f7a0d84924bad0165592a2105167ba4b","js"
"backend/services/order-service/node_modules/fastq/test/test.js","15797","69057c23ba8645e986e72ebaa2d91e241e42c5385487fe6de42987a52e7067f7","js"
"backend/services/order-service/node_modules/fastq/test/tsconfig.json","154","6eae7b2d775f4b7d1989382f2e1aaab5024db8d64d1feddabef9acfa8581082f","json"
"backend/services/order-service/node_modules/fecha/LICENSE","1080","382372d4059c129f65cc19770c463bf3820701e2ff3f8b88666d806cdc803b1c","unknown"
"backend/services/order-service/node_modules/fecha/package.json","1493","80ecd4a2611642303d3fdd2dcf480a806737c6b7e9b2306c9bb314fdf16c81d3","json"
"backend/services/order-service/node_modules/fecha/README.md","7664","1f4b64541ad3d552756d10ea333c28b2be24ffae019aecc36ae19a357bfebb59","md"
"backend/services/order-service/node_modules/fecha/dist/fecha.min.js","6281","0c4b1702a6a0912604067b63bb2fedb9d60782374238cf5cad357d498bffd8ae","js"
"backend/services/order-service/node_modules/fecha/dist/fecha.min.js.map","23542","d8e5adae50ec35b192ba43182e11a8713c32c38963abe4e3b56aa90dac2674c2","map"
"backend/services/order-service/node_modules/fecha/lib/fecha.d.ts","2151","d984dd13e1583f73c4e6bdeb06a0e67121c98d0bacfd8a01695a1d9096f1d5b8","ts"
"backend/services/order-service/node_modules/fecha/lib/fecha.js","14078","34ecb948cf30a8240e027711907dabbe90a358759cfa459ac374cd3581a3234d","js"
"backend/services/order-service/node_modules/fecha/lib/fecha.js.map","28714","aa22ae59ee491a5b949ca6a5341801bf744385e818704a24bc5e989e982696a4","map"
"backend/services/order-service/node_modules/fecha/lib/fecha.umd.js","15359","bfd13a1d0c60fab1830cc2cb2474a0c177be46a4ef2f26c888a58cf708bb0496","js"
"backend/services/order-service/node_modules/fecha/lib/fecha.umd.js.map","28799","22bca70e26c38964287b9ff65abfd5f8e0916992cdc28f4c8a51a107ac5f0644","map"
"backend/services/order-service/node_modules/fecha/src/fecha.ts","14698","1107aed114a974fb8e7fd9f7d0f78afd1825f0dacb7fed42c6c54e16c677b69e","ts"
"backend/services/order-service/node_modules/file-entry-cache/cache.js","7892","23ff365ca781022912046d9f9264729a376c246b8412b3c3bb04f82431091a7a","js"
"backend/services/order-service/node_modules/file-entry-cache/changelog.md","8645","6fa866815f7df28305e266faadc22a32351b5e67efa100c345cc9a132174fc5d","md"
"backend/services/order-service/node_modules/file-entry-cache/LICENSE","1078","c8c8324aff32c44f9e501aac5b3b97540c26af7d6dd6af8bce5e34300596e27d","unknown"
"backend/services/order-service/node_modules/file-entry-cache/package.json","2756","3bd6792bc4e7142b16d67b0e9c9dc56c46a49cd4b036eaeade12921ca032632e","json"
"backend/services/order-service/node_modules/file-entry-cache/README.md","5190","c34069b564210d83c638b75fc3178fe09a475a29e8318d0c209d9fc134959f48","md"
"backend/services/order-service/node_modules/finalhandler/HISTORY.md","4662","b7a6ce0e0bda632bfbffc87ca8848fb23516982172f0e65f75780921aa4c0db8","md"
"backend/services/order-service/node_modules/finalhandler/index.js","6768","e64935ee2b9fc38d5c156e57bc723c3e69410ff065514cbcb1a863988df4ad62","js"
"backend/services/order-service/node_modules/finalhandler/LICENSE","1119","47dcccf62bf40469d23849b0b1dc8df9fc91bce219b880c638d4dc4596e6b5cf","unknown"
"backend/services/order-service/node_modules/finalhandler/package.json","1278","4907275accd15800e34bd953b35b64e391dbe182f75d870a5a30da72b4e9271b","json"
"backend/services/order-service/node_modules/finalhandler/README.md","4120","4a069124a373114333e65f022ce5183fda08e3ac18b999c70f0f01fd193ec8e4","md"
"backend/services/order-service/node_modules/finalhandler/SECURITY.md","1202","d0366646babeb58ff9cb81d794063822b86bd3f3c12e96133c9f55a0812891cd","md"
"backend/services/order-service/node_modules/finalhandler/node_modules/debug/.coveralls.yml","46","64e6b64f19837a76c30865579aabdde1a825729ae0204ba73ba6de77296ce18e","yml"
"backend/services/order-service/node_modules/finalhandler/node_modules/debug/.eslintrc","180","7b7d5a5736dddae0e7cf1c06cdf41ddd9f98e73db8f57a18fe4c9bd0f52f9aa3","eslintrc"
"backend/services/order-service/node_modules/finalhandler/node_modules/debug/.npmignore","72","f4580152a6f48954b44cb2a0a002fa500467663db5a6dc8e796b52533dc04ec1","npmignore"
"backend/services/order-service/node_modules/finalhandler/node_modules/debug/.travis.yml","140","839e44ee0a96a3e302dc6472800b51822982b77d08f19200ab2cc70534781fd8","yml"
"backend/services/order-service/node_modules/finalhandler/node_modules/debug/CHANGELOG.md","11707","d8c1b0717964e189010b13521379c3b970eecc889cb8b788ac21d8dd85247165","md"
"backend/services/order-service/node_modules/finalhandler/node_modules/debug/component.json","321","2e5ab9ae90f41699e00d00fca16765024f437300a0568c2208669cc281ba7656","json"
"backend/services/order-service/node_modules/finalhandler/node_modules/debug/karma.conf.js","1736","2430869adb61a5e24a3612110a9b49a948e6db43ab7e947c003a9c19c478e609","js"
"backend/services/order-service/node_modules/finalhandler/node_modules/debug/LICENSE","1107","98c970de440dcfc77471610aec2377c9d9b0db2b3be6d1add524a586e1d7f422","unknown"
"backend/services/order-service/node_modules/finalhandler/node_modules/debug/Makefile","1059","f6466507e02c62f14e477af08e4a13ec883152b54d87feeffb8f0d6de6e9013b","unknown"
"backend/services/order-service/node_modules/finalhandler/node_modules/debug/node.js","40","996b381f353555cb172ebb2802bb2a7323442ff67b7b530cc26834058d7f31a2","js"
"backend/services/order-service/node_modules/finalhandler/node_modules/debug/package.json","1138","6c3d2c892db282317913ce7c340dd2edccd326bcafd18b644b8738144967d6ee","json"
"backend/services/order-service/node_modules/finalhandler/node_modules/debug/README.md","17918","cda3dbd285a2b65894758565a565e7bc2e7c3696225af7b5bd01454240df0aea","md"
"backend/services/order-service/node_modules/finalhandler/node_modules/debug/src/browser.js","4734","0144ab6a52b9330c567de11a5c3a4aea35cdac47a4c106482aa24ae8054cdc6f","js"
"backend/services/order-service/node_modules/finalhandler/node_modules/debug/src/debug.js","4394","d8d1c1d6c387ab67c3f28d78fd0b20b9becd69442db9d3efe110ca464b509c8a","js"
"backend/services/order-service/node_modules/finalhandler/node_modules/debug/src/index.js","263","9a34fedeb2d269c46ed94e6f13039eb0d16d866dd460ec66fa3acd78122fa9fe","js"
"backend/services/order-service/node_modules/finalhandler/node_modules/debug/src/inspector-log.js","373","949ae67ec1b655694f83dce57d47d9d77234f9e7d698616932a90e69c7afee91","js"
"backend/services/order-service/node_modules/finalhandler/node_modules/debug/src/node.js","6015","a3e83594a4ce88997e2e4fc66bc942b17b9d736290ad62560c7f09d6d0989ad0","js"
"backend/services/order-service/node_modules/finalhandler/node_modules/ms/index.js","2764","4bd92209cb9dacf3e3773e725acb7aaec43ea9e78540324e4d0f73e5ce9adef7","js"
"backend/services/order-service/node_modules/finalhandler/node_modules/ms/license.md","1077","6652830c2607c722b66f1b57de15877ab8fc5dca406cc5b335afeb365d0f32c1","md"
"backend/services/order-service/node_modules/finalhandler/node_modules/ms/package.json","704","30fbfaa3840b2f63978ad4bcd7ed8dc24d277b818e4755fe93eda8cb1bc8b74c","json"
"backend/services/order-service/node_modules/finalhandler/node_modules/ms/readme.md","1721","c9ac67ff103c01871b0ff09e2f094631991908c1fd0dc08bdb53287e5a760ae5","md"
"backend/services/order-service/node_modules/find-up/index.d.ts","3762","461f5886f7cb604443d2a5865466d838e75efa24845ed9c9d0c0eecf2c88b0a1","ts"
"backend/services/order-service/node_modules/find-up/index.js","1940","2c5674173aa95b0d714d876f2e2f865e3c5b641d4d6dd89c6a2f0b9c8d1ed768","js"
"backend/services/order-service/node_modules/find-up/license","1117","5c932d88256b4ab958f64a856fa48e8bd1f55bc1d96b8149c65689e0c61789d3","unknown"
"backend/services/order-service/node_modules/find-up/package.json","917","d1de12b1501bb90cf2fe6ef2668eb9d56a3dadeccdcaf075db46287bcb2f43ea","json"
"backend/services/order-service/node_modules/find-up/readme.md","4025","53cbd429b86c64ae5c3ecfd2a38475c817be53bcb8acee35d551fba486e3677c","md"
"backend/services/order-service/node_modules/flat-cache/changelog.md","16586","74b957e54f26756bc7dc6894ed68023a4fcb9349c3ce6021b85e1a6c05dfdfe1","md"
"backend/services/order-service/node_modules/flat-cache/LICENSE","1088","a6a23fb76d91d98669f5ed6eb58213df594ab2d56c9e981ae021b194e3d662a7","unknown"
"backend/services/order-service/node_modules/flat-cache/package.json","1508","f4c76559d1b3813aa52f9ce5af3d6bb7071bd6446ee4e60147630577da92a24c","json"
"backend/services/order-service/node_modules/flat-cache/README.md","3054","6bf46bd8dee0ce3452194c0bba0e0e8d84149f7cfacbb87d91b8815e7b6102b8","md"
"backend/services/order-service/node_modules/flat-cache/src/cache.js","5951","baeeafcc4b582b3fb49817882fb354e94daef9201f77892e6a9475a3bcd89d19","js"
"backend/services/order-service/node_modules/flat-cache/src/del.js","292","503d1f47c369dee064687c94c163e15adfbad082f10b282b0ec1e9847caa4505","js"
"backend/services/order-service/node_modules/flat-cache/src/utils.js","966","201c10555cf3a16584966d235c03815bc8192b96230ef66b4a3f0ee33efd261d","js"
"backend/services/order-service/node_modules/flatted/es.js","1133","eb428190651b954e9517681fbf7810cde0318af17312a0296c9555428a4608bf","js"
"backend/services/order-service/node_modules/flatted/esm.js","1101","a2776073e6d5ee66bc5913ab2fe027372f261767dd940c011ef1ef522dfab944","js"
"backend/services/order-service/node_modules/flatted/index.js","4354","72138c17c8b1e76f6d110460a901672e4407ff4c73ac5d18a889128e70cf94cb","js"
"backend/services/order-service/node_modules/flatted/LICENSE","770","148718606d34f467fd08a2176bb4c1ab275f999576f779368503d8d3e3642861","unknown"
"backend/services/order-service/node_modules/flatted/min.js","1438","dd2c7cb76f4f800cd230ac7776e08168d3c4da9fd53d9b9c27fc0686b5febd5c","js"
"backend/services/order-service/node_modules/flatted/package.json","2414","c7454041887e730a23d44c0c758b06840e7ce075ce5f8bf978110c9e2efc352d","json"
"backend/services/order-service/node_modules/flatted/README.md","4534","616ec9a57744b4f3fe39145a6e27da8ecf9d2875f036fb4c7ebe5f3145ac1742","md"
"backend/services/order-service/node_modules/flatted/cjs/index.js","3503","fec905d2b49797bf816f9e4458d7f697a9bbe09a795c9e601134072e014561cb","js"
"backend/services/order-service/node_modules/flatted/cjs/package.json","19","fa6944a20ca5e6fbaf98fd202eb8c7004d5b4ab786e36b9ed02ee31dbe196c9f","json"
"backend/services/order-service/node_modules/flatted/esm/index.js","3409","afc29949c345c87c834e12bf71bc179afdeb49834684c536854a54677ac304c2","js"
"backend/services/order-service/node_modules/flatted/golang/README.md","1144","85d7f9364cb460097dc8e8751429391a908fcc5e6e187751723891b1a3d9d44a","md"
"backend/services/order-service/node_modules/flatted/golang/pkg/flatted/flatted.go","6067","10a513c052cba20086f82ad417d3b7b25b9a0b8537ba46a8097bd6ce70ad2516","go"
"backend/services/order-service/node_modules/flatted/php/flatted.php","4613","61a68e38a84ccd25cffc725fef498df1f684795cd6da462ec2fd100616194f5e","php"
"backend/services/order-service/node_modules/flatted/python/flatted.py","3860","5186eeac10ea93249a4df4a99ed3c250947188119ca65bac24cec4097f051200","py"
"backend/services/order-service/node_modules/flatted/types/index.d.ts","345","24da2e4b182bef027ff5cd1ec413667feb332d91ec6a22479cba15867f40c049","ts"
"backend/services/order-service/node_modules/fn.name/.gitattributes","25","9c484c9037fb96d538ef81f91ea1e3d54555ffd9cc708cc9d578b86263f04d32","gitattributes"
"backend/services/order-service/node_modules/fn.name/.travis.yml","181","c8947d9b26b7a5af5582b4d80a3c42f66a6e7bcb5ad34802a143c41a4eaeac69","yml"
"backend/services/order-service/node_modules/fn.name/index.js","988","808d6d4386c44d702ba183f97f05af2b9756ca6b39707a21586c7833e0095426","js"
"backend/services/order-service/node_modules/fn.name/LICENSE","1120","d12a751f8b027f264c79ae82adfa717be6e78feb57799edf8739667d7a0ef52d","unknown"
"backend/services/order-service/node_modules/fn.name/package.json","883","20d7245ef0121af63e27998ea2c1a477a712809f4a621ca5246869c32ff76cd9","json"
"backend/services/order-service/node_modules/fn.name/README.md","1130","8d9763fed67048caf6661f130a74d5dc624647792cd5d87790c349600da5fbf5","md"
"backend/services/order-service/node_modules/fn.name/test.js","1882","d161bab3d324eb72662c734ae69564a96ad83f10f72f0bd6ba60a14dfc82336c","js"
"backend/services/order-service/node_modules/forwarded/HISTORY.md","400","16a998adf118889eee706826b2d3bc50b0d6ef228d81eb94a64b47b72d95a398","md"
"backend/services/order-service/node_modules/forwarded/index.js","1578","4ca8df355d325042545f4a522017926ec460fcb836f10174f2c80bbc4d47aa69","js"
"backend/services/order-service/node_modules/forwarded/LICENSE","1094","bd47ce7b88c7759630d1e2b9fcfa170a0f1fde522be09e13fb1581a79d090400","unknown"
"backend/services/order-service/node_modules/forwarded/package.json","1150","550a78f64b6a76bc353d6a10152af5750613d0d910f8478943176c1a6196158a","json"
"backend/services/order-service/node_modules/forwarded/README.md","1654","114e825a45563255497909dbdc6b776ae7718698896a8e66d8dc980dcd2c1088","md"
"backend/services/order-service/node_modules/fresh/HISTORY.md","1500","c2d714eaf4558de25ab7ea991f52899610cd566fec897838ad24306fa2f8f409","md"
"backend/services/order-service/node_modules/fresh/index.js","2711","85b46ce10c4fba71fb41666586572277f626bbc698266026372941b5267bfb60","js"
"backend/services/order-service/node_modules/fresh/LICENSE","1174","a0ec0dab16b3666f24950f86d257930ac2ad475557b4bfe245620e0817d8a45d","unknown"
"backend/services/order-service/node_modules/fresh/package.json","1357","65f8ebd91560a3a6143f06bd9066d337bcf5f0c53e4a5329b98894f24eefb8b1","json"
"backend/services/order-service/node_modules/fresh/README.md","3374","ae9229e6a75e3f63f9cc1f651c6e1cafaedcc26852afe5ffed8a79c107b54aa5","md"
"backend/services/order-service/node_modules/fs.realpath/index.js","1308","2e334ba43cd4852f7a3ed68159029167c05d7fa6af536e6ef177eb868ccd1bb8","js"
"backend/services/order-service/node_modules/fs.realpath/LICENSE","2125","8465b04b67f473341171b5c9c8b2c741a4a395b3f6ed58339b3a4f4db3db7472","unknown"
"backend/services/order-service/node_modules/fs.realpath/old.js","8542","07245a82717f9bfa2a63b9784284a1b7fc43ff5fcb4af2a94bce5f83611d4a2f","js"
"backend/services/order-service/node_modules/fs.realpath/package.json","577","2985019b1b3cf5894df9b831816f7b480833931da982489e3a98c346ce7da897","json"
"backend/services/order-service/node_modules/fs.realpath/README.md","881","fb5cf635902e9c47d767a1de8334dfc19f171c38b6d14585204a50ab294a52eb","md"
"backend/services/order-service/node_modules/function-bind/.eslintrc","253","d1ef27c0f368368a239a99363dc04d7c2dbcb9b62d1a4107390a6dc52b901f1f","eslintrc"
"backend/services/order-service/node_modules/function-bind/.nycrc","216","948366fea3b423a46366326d0bb2e54b08abd1cf0b243678ba6625740c40da5a","nycrc"
"backend/services/order-service/node_modules/function-bind/CHANGELOG.md","13812","c44d3c98a0cf4f95fef7845da104deca900d24853589767bbeb380406ce1dab2","md"
"backend/services/order-service/node_modules/function-bind/implementation.js","2043","5c52eb40601e0716dafff9759cf28d8d4af3e2fc2e2c96384f43dbfd0f7370b5","js"
"backend/services/order-service/node_modules/function-bind/index.js","126","12fa1b92429db25599f6fe118cbbb877f7f62b83cb9bfe2fc896b2d6a8110647","js"
"backend/services/order-service/node_modules/function-bind/LICENSE","1052","773e131a7684726005a7e4688a80b4620033bc08499bc1404dd1a1eb3bca725e","unknown"
"backend/services/order-service/node_modules/function-bind/package.json","2262","edb1c4faf4148e6e3d74ed8dbac1a1dc359a647ff4207aad4851396dc7a3559a","json"
"backend/services/order-service/node_modules/function-bind/README.md","1755","305fc05a184a5afa3766893be87d24e4c0f2e8561b66463a51aee4b196b1dc48","md"
"backend/services/order-service/node_modules/function-bind/.github/FUNDING.yml","584","728efc32ee016ce1b42d6b8848548b7f3540d5e0ba2966efca1774d132493d52","yml"
"backend/services/order-service/node_modules/function-bind/.github/SECURITY.md","157","dd880fbe091e1b4fe671ef6e4879f7d144a64c0a3b21ce9b498c62c082ff3e50","md"
"backend/services/order-service/node_modules/function-bind/test/.eslintrc","176","63cdaa0cb9c27170eab17635114928f01e23665054b7ac15538b7be2fc3eb495","eslintrc"
"backend/services/order-service/node_modules/function-bind/test/index.js","8991","32ba00e232dc250a945bdb23461a7346f6029d31b595aa2046bf386aab6a91e9","js"
"backend/services/order-service/node_modules/get-intrinsic/.eslintrc","647","e580467ddfd72cbbd80b8d84ec237d2809f62d357b0cd7189e8c2ba55c0d89ca","eslintrc"
"backend/services/order-service/node_modules/get-intrinsic/.nycrc","139","997785c50b0773e5e18bf15550fbf57823c634fefe623cd37b3c83696402ad0a","nycrc"
"backend/services/order-service/node_modules/get-intrinsic/CHANGELOG.md","15537","e73856f1e09b5743933e57e3ecc153d3d81bf1a1d5ead38d8472bf4e0fd14cf5","md"
"backend/services/order-service/node_modules/get-intrinsic/index.js","14439","c3bc7278af37cede0da2db32724fa0b89a07c44205c44c4f5db0e4d8d497d49c","js"
"backend/services/order-service/node_modules/get-intrinsic/LICENSE","1071","39c5ec504cf6bd5cd782a7c695828e09189df79f5d94840e4f08feb97b9fd416","unknown"
"backend/services/order-service/node_modules/get-intrinsic/package.json","2576","45b14763baacc59b0fd7b39e3ad983d5d2aaf7f5ed682f2fce9edb469826c999","json"
"backend/services/order-service/node_modules/get-intrinsic/README.md","2791","15f5365e3e1d4182780423363296e53408ff4254dc958a6e52a05a7dcee324b4","md"
"backend/services/order-service/node_modules/get-intrinsic/.github/FUNDING.yml","584","24cafae83831c946115236f57f58e0d4797a3e7f6bcc8ad87b88a69d15a520c6","yml"
"backend/services/order-service/node_modules/get-intrinsic/test/GetIntrinsic.js","8758","7541f692c80dc65187896456ed4c0dab3a8c5dfd61b088f5cbaea13f3bce8e80","js"
"backend/services/order-service/node_modules/get-proto/.eslintrc","104","f234bdd351b6201bfbe156b83e1ec1372fe18d669d26670398c3919b5e21c630","eslintrc"
"backend/services/order-service/node_modules/get-proto/.nycrc","139","997785c50b0773e5e18bf15550fbf57823c634fefe623cd37b3c83696402ad0a","nycrc"
"backend/services/order-service/node_modules/get-proto/CHANGELOG.md","1054","11759506474827be4b01f43de7d038f1f23effaada2c84ae430459c2aa4dc205","md"
"backend/services/order-service/node_modules/get-proto/index.d.ts","126","7538ce3a26100e7dca4c6d51b9315e91ab2088a1bb0f2033f752f506311df206","ts"
"backend/services/order-service/node_modules/get-proto/index.js","821","ee310261ff252b6d90c1a9fc4b9eceb63ddb963e7eec5125631cf169daad38c1","js"
"backend/services/order-service/node_modules/get-proto/LICENSE","1071","be46ce1e3b0479af9ce82d22b465a6d7d2ff084fca0aaf3d54172da2b5eb5781","unknown"
"backend/services/order-service/node_modules/get-proto/Object.getPrototypeOf.d.ts","125","b741a7e634a760b535687ff4b64e2477ea9ec085fb90a57013a8dd478d679b81","ts"
"backend/services/order-service/node_modules/get-proto/Object.getPrototypeOf.js","156","66d51243588d269eb28f5bc8236e111a9a36e010e9b5b9b496be2963882a9e28","js"
"backend/services/order-service/node_modules/get-proto/package.json","2176","73839e012ac7134a632c9d9fc6bdb700ac9ab5553cce39eb789ba2b65663e734","json"
"backend/services/order-service/node_modules/get-proto/README.md","1794","5a3c611a2e47ccbe9b01df7ee9f6bce0a2035fd35acbff028e5ceef77a1331ee","md"
"backend/services/order-service/node_modules/get-proto/Reflect.getPrototypeOf.d.ts","67","9be2e264638db3866380db1e22f491a565e70c2f8c5a6cf6a085b24bbfb6e336","ts"
"backend/services/order-service/node_modules/get-proto/Reflect.getPrototypeOf.js","150","bab0332997a67c0eb3d2ab24ee9ae5d106d275a8ef5bde2a711faa1c96899c59","js"
"backend/services/order-service/node_modules/get-proto/tsconfig.json","118","2f3c811aa59dd8b9d58e160110c7ad919cab9827c1fa89f580e328da3c573db4","json"
"backend/services/order-service/node_modules/get-proto/.github/FUNDING.yml","580","efc240256bdc771e8b442e1e88b40157e9fd51f5a1b2cb510da770087b77719c","yml"
"backend/services/order-service/node_modules/get-proto/test/index.js","2359","1f4edb40034d0c23400ab56be0d20fd8bc2cee1aeb4298905b2eb5e78e946a56","js"
"backend/services/order-service/node_modules/get-tsconfig/LICENSE","1089","10c904a49af44409b073532e45a53fd4df19bdf26eaf9afc7917258c2b354382","unknown"
"backend/services/order-service/node_modules/get-tsconfig/package.json","1031","456bb5c6f81bab2db264e81a4cc85e80e133c86fd0b03bfa120649ba47a4fdc8","json"
"backend/services/order-service/node_modules/get-tsconfig/README.md","6582","790c76148be7f82424dbef23730795d01a76b938d43e0a5b7cb4b3ba5cbd71ba","md"
"backend/services/order-service/node_modules/get-tsconfig/dist/index.cjs","23817","e0fa469d35b49f98b80f49519c01c771b3f5373a2a4596ecb804a9c6e7bab8d1","cjs"
"backend/services/order-service/node_modules/get-tsconfig/dist/index.d.cts","50166","83de03c3bc0bf6247fa576dd1ffaade6a2a4703d367b634fab0b81de0d89a9d1","cts"
"backend/services/order-service/node_modules/get-tsconfig/dist/index.d.mts","50166","83de03c3bc0bf6247fa576dd1ffaade6a2a4703d367b634fab0b81de0d89a9d1","mts"
"backend/services/order-service/node_modules/get-tsconfig/dist/index.mjs","23805","7cdce9683d453d72d8c2d3b4434a645525fb10b621cfb76b4009cd078d8c343d","mjs"
"backend/services/order-service/node_modules/glob/common.js","6149","b867e089ab5d4ab19a83e5b34da3dd7f4018fdf255fcacc681aab87d41dc77e8","js"
"backend/services/order-service/node_modules/glob/glob.js","19445","b8f35657ca927593d0f9e1aae3a8cfe9c33c697bf3c5733c2f6727f25ae25be1","js"
"backend/services/order-service/node_modules/glob/LICENSE","976","6236fa0b88a4a0cce3dda0367979491b2052b3c8d6b1c10b3668de083e86a7f0","unknown"
"backend/services/order-service/node_modules/glob/package.json","1237","b00b6d35eda6d4aa6893baf19e53b7d005019ed840e4fa116c926a532ec577cf","json"
"backend/services/order-service/node_modules/glob/README.md","15237","9edcb98721213c0293ac216337f3f97745add296879d9fd571152ec601f45b9e","md"
"backend/services/order-service/node_modules/glob/sync.js","12020","0f61227f4b55297f1ad16798c53e6a6dd55d633856f153133716413b7c5f61ad","js"
"backend/services/order-service/node_modules/glob-parent/index.js","1614","e5829e146ba7f616bdb8645e4486c5ed9bfdb11c7bb7f5b3c6eb3adae6283e33","js"
"backend/services/order-service/node_modules/glob-parent/LICENSE","857","fc68eb8f1c8e1d6b8be50f3c177927e24791cae7dc251e6253a012f37926a30c","unknown"
"backend/services/order-service/node_modules/glob-parent/package.json","1050","1a0b9ff627b3ded5a3e8c7e7ab99eface3c79e92d7691a11e3eff8d78e0f8e24","json"
"backend/services/order-service/node_modules/glob-parent/README.md","4198","3aca23131514c7dddcd974de81fe585f419c63329ebbcc5dc67953914fd826c9","md"
"backend/services/order-service/node_modules/globals/globals.json","48140","08aacb210d2594f9110f0f320d507eca59467feb35d6ac1c9db624c935dbe7e7","json"
"backend/services/order-service/node_modules/globals/index.d.ts","165","4159d1e07c660524153c2aef8ee8a933de82872cc64ab5e01e58aae301c9ab20","ts"
"backend/services/order-service/node_modules/globals/index.js","58","2998fa25447dc5e0032334703ccec8604d66b750afb5b84e13eb778bf66fbb38","js"
"backend/services/order-service/node_modules/globals/license","1117","5c932d88256b4ab958f64a856fa48e8bd1f55bc1d96b8149c65689e0c61789d3","unknown"
"backend/services/order-service/node_modules/globals/package.json","971","a88c3d407a2ee771d7ebf399667ff3207988504238e9357fcc67d82818fe5e24","json"
"backend/services/order-service/node_modules/globals/readme.md","1662","5979a98c41e85c97d1e7628a9a9efc631ba315f649cfa02d035d58f931f64d16","md"
"backend/services/order-service/node_modules/gopd/.eslintrc","224","f441ce02cf8246250be17c235fc77a2f674a6e538847c3c8b0639377efb253e8","eslintrc"
"backend/services/order-service/node_modules/gopd/CHANGELOG.md","3077","aba458bfc8c4bdc9cfdc3b2e879d5820b0d03950bcefcaaaac3620dad727283b","md"
"backend/services/order-service/node_modules/gopd/gOPD.d.ts","42","dd965f7c0c2aa6f08e154a854d004141ab769c1b981037e1cb48e753c1e764e1","ts"
"backend/services/order-service/node_modules/gopd/gOPD.js","97","48a04dcb3fb5cccb6c8541a3a8227b8d9f881ea3ffef3177ac4bb0338556b839","js"
"backend/services/order-service/node_modules/gopd/index.d.ts","173","395aa7e2c154e81a0d7e20f2732369e4c875c3f23336b270a3db75ca3019c64e","ts"
"backend/services/order-service/node_modules/gopd/index.js","206","8f8092ee3aaa2932a71e9f264a9b273dc33f7c52f4cdb0815956fccf80230d8c","js"
"backend/services/order-service/node_modules/gopd/LICENSE","1071","d90bf0a089da4cf43d644ed240a0b3825dcdb705e64e38371d56995a4cc9e4c5","unknown"
"backend/services/order-service/node_modules/gopd/package.json","2070","33ace32dc861f6da9d1fd9d0a44c66e8c6ff3b13358d070683c1c2978ff5f19f","json"
"backend/services/order-service/node_modules/gopd/README.md","1562","a5adda11eb1b5c4a225289ccc2e1f01bdc27e1635b85039ad327ec37082ad3d4","md"
"backend/services/order-service/node_modules/gopd/tsconfig.json","116","6346ee4c020f341387588479dd83740a65ab902a462b8c6b3b8bf51f032c6795","json"
"backend/services/order-service/node_modules/gopd/.github/FUNDING.yml","575","14a29231a020201285cec832f4d4c90b7296bc45f9117e3f2a28c5e51a430cae","yml"
"backend/services/order-service/node_modules/gopd/test/index.js","656","09dc70d20fa4d40c2749508868750a0d677d7c2b472a7d984271134b7af76d42","js"
"backend/services/order-service/node_modules/graphemer/CHANGELOG.md","701","ff4a67ab43caf9a26189c4bafd9c4f85d05de1f18e0eedc3e6c402b3bbd0c0fd","md"
"backend/services/order-service/node_modules/graphemer/LICENSE","1081","8ced96f8a907c8e0ed0ac649840a540e369e2ad00b18965cb60c0859e6fcb3ec","unknown"
"backend/services/order-service/node_modules/graphemer/package.json","1433","a6fc1e3cb7a9e3cc0526e09ca269b2009ec7da5ae47cc35d70b82970286047af","json"
"backend/services/order-service/node_modules/graphemer/README.md","6054","83331340c09306dec896e4e110a3940f9482ff526264def2cafb00909f07f983","md"
"backend/services/order-service/node_modules/graphemer/lib/boundaries.d.ts","1005","21c89e3a548d328a48b0ae767c34801794312da471e2c3a6b2ad7c859a05aaf0","ts"
"backend/services/order-service/node_modules/graphemer/lib/boundaries.d.ts.map","471","07e437f76ed625b47586965ae4a2dc70990215b3e9134459f462c5bde22769f4","map"
"backend/services/order-service/node_modules/graphemer/lib/boundaries.js","1953","e77e30c3e18511d0b4660ccc77a6da6f268e2f1baa9510805995091a503a09ea","js"
"backend/services/order-service/node_modules/graphemer/lib/Graphemer.d.ts","1390","6916623e037f249c736693584bc79009c70b92debb4997cedbf9c82475bf6f57","ts"
"backend/services/order-service/node_modules/graphemer/lib/Graphemer.d.ts.map","575","b0900048166f637a4ed0a41be8b49bdc37b3b24c08963bfc3835a8bc41152b2c","map"
"backend/services/order-service/node_modules/graphemer/lib/Graphemer.js","786010","3b9e8e711e32ae0826d703b42d6a8956d8f176dd9f46cfdf6b6de3a525b82207","js"
"backend/services/order-service/node_modules/graphemer/lib/GraphemerHelper.d.ts","1256","3ae220db4e0909eab5630545622c1475e5de7777b5e8dea8c1ffa31e298a0dd4","ts"
"backend/services/order-service/node_modules/graphemer/lib/GraphemerHelper.d.ts.map","520","393f94cbf4e9d2304b5921335c84ccb26d3a8dcc3f4bb77e712e8f7e08ec04f0","map"
"backend/services/order-service/node_modules/graphemer/lib/GraphemerHelper.js","6688","9d39e387f7567f6bb588d1762d73b95f02abfdd8fe0d8a165bd3e520f50d6f26","js"
"backend/services/order-service/node_modules/graphemer/lib/GraphemerIterator.d.ts","610","12d843cd781a162fe691c4ec7fecb615e7314833d857300f0221cf7738373835","ts"
"backend/services/order-service/node_modules/graphemer/lib/GraphemerIterator.d.ts.map","424","cd1560c87f33d7e385cb10351a132cc068d4f47736694e9bc7fddaaa38c835a7","map"
"backend/services/order-service/node_modules/graphemer/lib/GraphemerIterator.js","1071","3ed2c8c950217078cf1f71c4411131d28763061eaafca9350b30865b25807d99","js"
"backend/services/order-service/node_modules/graphemer/lib/index.d.ts","98","6e4f34b9b8e1870373f35117b7a45f7438712bcd473ba30a01748999ccf104e9","ts"
"backend/services/order-service/node_modules/graphemer/lib/index.d.ts.map","154","97f49c4d68a7d7ea65349d19c60426c1bceef2d5548b977119536164d098d3a0","map"
"backend/services/order-service/node_modules/graphemer/lib/index.js","316","7a0ce90d2eb1f12dfa5da3e50469bd44fb799273756ed24381fa4a214cf28697","js"
"backend/services/order-service/node_modules/has-flag/index.d.ts","684","1f2e0d7173b86a8a84c9a6acd319b89d48e1411b5024e6eb03dc1551b30f392d","ts"
"backend/services/order-service/node_modules/has-flag/index.js","330","e9e921d4734fee9405bef5886c010c80a8f10fe958e5d71bd5d8eed5e616e78d","js"
"backend/services/order-service/node_modules/has-flag/license","1109","48da2f39e100d4085767e94966b43f4fa95ff6a0698fba57ed460914e35f94a0","unknown"
"backend/services/order-service/node_modules/has-flag/package.json","696","3fef4b52efbeabeadfffd5994e90b1025eb24263286e34170675956637d368b1","json"
"backend/services/order-service/node_modules/has-flag/readme.md","1600","e9f8f4e5c1e63047b8d491d0218e47d1512017af38d3b9cfab7b81e8e0a0cbcd","md"
"backend/services/order-service/node_modules/has-symbols/.eslintrc","164","15b0bd2d80ee6d32af3c8761fc9007606a5ec9cf605e4ca2a214eef8be564fce","eslintrc"
"backend/services/order-service/node_modules/has-symbols/.nycrc","139","997785c50b0773e5e18bf15550fbf57823c634fefe623cd37b3c83696402ad0a","nycrc"
"backend/services/order-service/node_modules/has-symbols/CHANGELOG.md","9431","ad7ead4963a1958ead230596f27a721645617e8f63640a59f87d333ec8dbe917","md"
"backend/services/order-service/node_modules/has-symbols/index.d.ts","73","1b02a2f85850a7a5af11ce050ac42126041b89f7bb319f8b6e107b19512ef98d","ts"
"backend/services/order-service/node_modules/has-symbols/index.js","447","fd9bef8dd0d913bc8beac3156a0019d1a83a6e091498d1af1cbdbd536776e189","js"
"backend/services/order-service/node_modules/has-symbols/LICENSE","1071","206c1adcf206dc0031b11232f5b054ec5f1662407ab1ca415247921cab2068ab","unknown"
"backend/services/order-service/node_modules/has-symbols/package.json","2974","5190268c0e3308d7446d1f7c036238f329f786938453e6017cb90980b3612e7a","json"
"backend/services/order-service/node_modules/has-symbols/README.md","2044","a062b27ee12e84e310041d05d10d69ac2d7076cba1fc698bae8a4e40a15897ec","md"
"backend/services/order-service/node_modules/has-symbols/shams.d.ts","69","05ea7bb0c9370e097da841bf955be2bee13ea698c7de94a00a713d7755879cae","ts"
"backend/services/order-service/node_modules/has-symbols/shams.js","1922","41277ab2db4a31094dc6f4ca2c3cbbe5576da5e5bddac4bda6c1f0d9c0e0c417","js"
"backend/services/order-service/node_modules/has-symbols/tsconfig.json","143","b9b19c254344aae6fec9086e109040f9a13369c0d061c9a018e9b26dfe94a1c8","json"
"backend/services/order-service/node_modules/has-symbols/.github/FUNDING.yml","582","e777d06bafdcd1d459abcbdc03ac52357b59c248614dc6143d8d02ebfb4aef15","yml"
"backend/services/order-service/node_modules/has-symbols/test/index.js","654","b2eddc5a76e6a43738847679126ef698ec8ad36993045207cc1323d1f89710d6","js"
"backend/services/order-service/node_modules/has-symbols/test/tests.js","2139","30e827ff7c7a906135fec45a3eabf281f2384ad5479027793841f759df5f1ccc","js"
"backend/services/order-service/node_modules/has-symbols/test/shams/core-js.js","797","92fe765a1b83f04811a8e75219c55dfe1c8f374892fc2708e9296f6e17625970","js"
"backend/services/order-service/node_modules/has-symbols/test/shams/get-own-property-symbols.js","760","89f4eeab0b85306f45c1d6238cabf3e42c4306f2f1d48772e280ed24a1495cfb","js"
"backend/services/order-service/node_modules/hasown/.eslintrc","43","0694050195fc694c5846b0a2a66b437ac775da988f0a779c55fb892597f7f641","eslintrc"
"backend/services/order-service/node_modules/hasown/.nycrc","216","948366fea3b423a46366326d0bb2e54b08abd1cf0b243678ba6625740c40da5a","nycrc"
"backend/services/order-service/node_modules/hasown/CHANGELOG.md","2579","9e4f7fd1854e2dce08e3587ac7b8b40c191987d6c4fd71e20139d39e80e3e430","md"
"backend/services/order-service/node_modules/hasown/index.d.ts","117","19bcd679cc9cb312683bf10390a1aadb929af6439b33eb60f06119ee2d702761","ts"
"backend/services/order-service/node_modules/hasown/index.js","206","8f875520f41a3d711566013882af290c840969316cc72cd6b35f7e81d7dfc6d2","js"
"backend/services/order-service/node_modules/hasown/LICENSE","1083","bf9b0d665be2a689851eea667ca9f42066ea1d903b38349c51e6a44b2577680a","unknown"
"backend/services/order-service/node_modules/hasown/package.json","2283","e96d24e4dcec86a4f769f41174b1cc79f70b4ab77b83aac4dfe646242bf76abb","json"
"backend/services/order-service/node_modules/hasown/README.md","1613","a922ab2a0abcdcbd99c1484c7bd83d69a04b5e11ab53064d2c9aa557df1c52b4","md"
"backend/services/order-service/node_modules/hasown/tsconfig.json","73","29ef530207266f2859676c048073e7f746db37a0a20e2a75bc2ef2b3893fbf40","json"
"backend/services/order-service/node_modules/hasown/.github/FUNDING.yml","552","4a8aadc5bb4e3fcb59ced104864f1440a8a0b82c57d7a69ef3845223590039cc","yml"
"backend/services/order-service/node_modules/helmet/CHANGELOG.md","24545","e62fb8eb200d28b0e05181f49fc596d037cedaada32e60da0adfe69624f81842","md"
"backend/services/order-service/node_modules/helmet/index.cjs","21288","36a22476099fc94df9d3a5f8ba1567b67fb6a9a29d67980262edd4dd277fa4ee","cjs"
"backend/services/order-service/node_modules/helmet/index.d.cts","7420","cf473bbae6d7a09b45be12a2578e8de12bfaadf6ac947ac2224a378fe3ae6d9f","cts"
"backend/services/order-service/node_modules/helmet/index.d.mts","7420","cf473bbae6d7a09b45be12a2578e8de12bfaadf6ac947ac2224a378fe3ae6d9f","mts"
"backend/services/order-service/node_modules/helmet/index.mjs","20641","05e0d04934ec6ec2053df7d9305fbe5b06bad2929f52ece10348dad887dda933","mjs"
"backend/services/order-service/node_modules/helmet/LICENSE","1089","91563ae26b79f8b1566b39f20bb32d2639813cd362f95f5e7fb6f26cd1cb681a","unknown"
"backend/services/order-service/node_modules/helmet/package.json","1135","fcb9192df3ac609454ecc82adae6c20a28b790336d4e8b8c3b862a638cd413bf","json"
"backend/services/order-service/node_modules/helmet/README.md","20229","fb89d11580097caa7847eb2ae6a844126e53bfd4286365d74ff402bc95cc1446","md"
"backend/services/order-service/node_modules/helmet/SECURITY.md","382","7734ce88e56b3d8220da0f2d7627e1dd6c67b1946875e0474b12fa622e5bd2bb","md"
"backend/services/order-service/node_modules/http-errors/HISTORY.md","4094","a3a79172043c3fde7641489904b5ad87dad8e11ce389791edbf1e888e6dc2698","md"
"backend/services/order-service/node_modules/http-errors/index.js","6430","33bda88afcd1a83566eb4ebb305f852b701e19aad5e1d92cb3a11161d35c50f0","js"
"backend/services/order-service/node_modules/http-errors/LICENSE","1168","dcb94ff9b1e037a847bc20589dc81a1066d041fd4c16deb18b0fa968c66cf395","unknown"
"backend/services/order-service/node_modules/http-errors/package.json","1410","d540721372bf8bf77b5fad31f6567a916e24d0aeeb78c81ba92b69feea9f1eef","json"
"backend/services/order-service/node_modules/http-errors/README.md","5962","ec2d7a200d4adf39ebfa7e29f1fb1f45dfb34ec8fe040428f83aa5dad8948c57","md"
"backend/services/order-service/node_modules/iconv-lite/Changelog.md","4342","0c7c66f8f39354e7b15c4431a95c2bcd40941f9ae8d666efa8f17afb97b87c82","md"
"backend/services/order-service/node_modules/iconv-lite/LICENSE","1064","ac779f7314c74f232ef847ea86e714abe25cf6eeb5cc97b69451b74e2af6492d","unknown"
"backend/services/order-service/node_modules/iconv-lite/package.json","1227","6f7c96c32f7d6e0498be71b0ccedaf298bb00ab4dd40c1d63655ec53477db384","json"
"backend/services/order-service/node_modules/iconv-lite/README.md","6534","a417c996ceb04e8dbaca5d18187820afe34ce5105ffd4b7c3ef3c5beae298eba","md"
"backend/services/order-service/node_modules/iconv-lite/encodings/dbcs-codec.js","21415","d39bc17f93fc56af631b00e36542488923378cce5ad9e7db48252ce7a1e7b1ed","js"
"backend/services/order-service/node_modules/iconv-lite/encodings/dbcs-data.js","8291","e213f77e926605c30649ea48bcea851d1ec063bb17fa4c2ab6d3b64853b481ac","js"
"backend/services/order-service/node_modules/iconv-lite/encodings/index.js","710","69607a9ee51b63333d0e7ee20a38b52e1e96652a4bbc09c701d70835fbbfe10a","js"
"backend/services/order-service/node_modules/iconv-lite/encodings/internal.js","6115","39d9dd0568708a23c5999fcd6c417ec64f35ecbecd37205f91c7c6b59d14d773","js"
"backend/services/order-service/node_modules/iconv-lite/encodings/sbcs-codec.js","2191","fb511c4c70a6cb0e2a06d03e67ca88dca9f4da6266b909c7338e453d2ecc9fdb","js"
"backend/services/order-service/node_modules/iconv-lite/encodings/sbcs-data-generated.js","32034","2cf44b3f70c61c9cdd59fda7ec085bc3180809638f208c7239688ccb90a48866","js"
"backend/services/order-service/node_modules/iconv-lite/encodings/sbcs-data.js","4686","3116c986bff5d0b3a0d9ee1700d97ac466965a7b30d353300d408b41622604c2","js"
"backend/services/order-service/node_modules/iconv-lite/encodings/utf16.js","5011","baf708be438edf0fef70a3e34619c6be94cd53d963acb9b2542419d5fc3bb8c8","js"
"backend/services/order-service/node_modules/iconv-lite/encodings/utf7.js","9215","c814ad268d19265ccafc9f7bba2e8dfcdd2afdea62698bb24b7284b3f2ea18a0","js"
"backend/services/order-service/node_modules/iconv-lite/encodings/tables/big5-added.json","17717","db94db5e5d3ab696ddb0025685cfa85da1864839a4a26aab2f8f86f6b8382288","json"
"backend/services/order-service/node_modules/iconv-lite/encodings/tables/cp936.json","47320","8225bb693efd380279ed7280b8f8419fd069c5f018d20d5946bf187ad92c0cf7","json"
"backend/services/order-service/node_modules/iconv-lite/encodings/tables/cp949.json","38122","77a56ea83d0d94d1dc620042ad3c897f0e40814bb05c0085d3aeed0018e8a3e8","json"
"backend/services/order-service/node_modules/iconv-lite/encodings/tables/cp950.json","42356","99e2114dc4b39092617967c763f9eaeb4d8e70551afc5884baa3fb92827f3420","json"
"backend/services/order-service/node_modules/iconv-lite/encodings/tables/eucjp.json","41064","7c4fe279000f7e99fc7cd59afb1da21725dcebdc1babd9e3b883253a77abb042","json"
"backend/services/order-service/node_modules/iconv-lite/encodings/tables/gb18030-ranges.json","2216","5a3cc11e38f05a0908442acbf1c921d0b73f2a304fb6a9e4484e26eb1ca07d76","json"
"backend/services/order-service/node_modules/iconv-lite/encodings/tables/gbk-added.json","1227","7e6e8c23d37d5819481909e4d972fbf0f35e120dda3498dd3a0cd6b5e4932fe6","json"
"backend/services/order-service/node_modules/iconv-lite/encodings/tables/shiftjis.json","23782","02b0b120f697c48133e8b547e8dc594bc5b9f1c1799b50c2c5ff917298548558","json"
"backend/services/order-service/node_modules/iconv-lite/lib/bom-handling.js","1109","c230d25d8e7fbb50960c634b636b71327c409e9a77e67fe9446b566bdcea362d","js"
"backend/services/order-service/node_modules/iconv-lite/lib/extend-node.js","8701","7b86aebd7175d940c50f60eac1981490962855d9723bf971981ddd703ba6af43","js"
"backend/services/order-service/node_modules/iconv-lite/lib/index.d.ts","982","73aaee6a7a9cf41fb2c67158f4bc218f9da27545ea55648b2c10ca2a9600ae15","ts"
"backend/services/order-service/node_modules/iconv-lite/lib/index.js","5123","77d20e2fd5bcd9e324fb6cfdb909cd06fdaf6a91769adffcf4d7c4c066cce4c3","js"
"backend/services/order-service/node_modules/iconv-lite/lib/streams.js","3387","25a423eaf41f8dc6bc40cb28189a24e2d63b990ed72c824940bed55d0264ea6d","js"
"backend/services/order-service/node_modules/ignore/index.d.ts","1499","f93da46fb9ef4fcbd215803da411b209a281fbb0d86617c0ff7a7a8a66683490","ts"
"backend/services/order-service/node_modules/ignore/index.js","16412","e9b9c1096d5425d2c77bca01085a335a92f9a15f37d29d0554697a367fb05cab","js"
"backend/services/order-service/node_modules/ignore/legacy.js","20754","bc45b3a2230bd09a9c0a8d2af0b11e3e6f51a3daec7fb50b4a2adff703f132a8","js"
"backend/services/order-service/node_modules/ignore/LICENSE-MIT","1095","9c94db23dc4b1e9aaee5d195668b916afc71efed54af226b66cf0ccc4389c1c0","unknown"
"backend/services/order-service/node_modules/ignore/package.json","2072","a9f40bd310889f21ed824bc19ce140714b7459d658f6708041af53e9855258a6","json"
"backend/services/order-service/node_modules/ignore/README.md","11798","2deb493c03d8ab0e0c3059b521bed9a79eb56e21e46e63818770dd7ee7f2fb2f","md"
"backend/services/order-service/node_modules/import-fresh/index.d.ts","432","e4710b99a773771f491efeea09cb45f393e2173c186acd84051b7d7495e102e0","ts"
"backend/services/order-service/node_modules/import-fresh/index.js","1109","57e6c3975cad5e62de9e94dae497b865fc5075ade6f4e8f951a8e39fadd24d95","js"
"backend/services/order-service/node_modules/import-fresh/license","1117","5c932d88256b4ab958f64a856fa48e8bd1f55bc1d96b8149c65689e0c61789d3","unknown"
"backend/services/order-service/node_modules/import-fresh/package.json","890","c71eb71fede603ba3191c01c55c9d5a3977dd5f8d91f24835aaffc9785c19534","json"
"backend/services/order-service/node_modules/import-fresh/readme.md","1145","884d7549d48e250f6fff78794efaae9645c73f5c020e2c6dbc2c0314374c69da","md"
"backend/services/order-service/node_modules/imurmurhash/imurmurhash.js","4412","45368bfe11080c4504b7804602015d93873303c5b13d5710af6c42e9abc35b4a","js"
"backend/services/order-service/node_modules/imurmurhash/imurmurhash.min.js","1894","ea8490563a229b89f2b779217938f9eb2bcf93dd89de9f7fc5c035632f0934b5","js"
"backend/services/order-service/node_modules/imurmurhash/package.json","818","aa3b07e7fa3d63aa96e401c3842b8cca1dd3247954baf92377094766e903c185","json"
"backend/services/order-service/node_modules/imurmurhash/README.md","4763","4491517f7deb68d0b2a3bb590e785e276a60f12448447a9650d0bd50161a101c","md"
"backend/services/order-service/node_modules/inflight/inflight.js","1365","e33ea098a91d2c41be886fbbcecacb9799fe183d8a446f138a4786cb3d809802","js"
"backend/services/order-service/node_modules/inflight/LICENSE","748","05dc4d785ac3a488676d3ed10e901b75ad89dafcc63f8e66610fd4a39cc5c7e8","unknown"
"backend/services/order-service/node_modules/inflight/package.json","658","5f2489e13f73e9ebad999134fae8a591f6d8b58e8341ec8e3b33397c4d1ef817","json"
"backend/services/order-service/node_modules/inflight/README.md","991","7287d41cefa8c790b6a3bd8a802614f93acf2fd0eaca3d2fc7b6fef0c5e2ce47","md"
"backend/services/order-service/node_modules/inherits/inherits.js","250","bb380f32bef5feb18678f0f45f88073fed5d7a0069a309132cb2080cd553d5c7","js"
"backend/services/order-service/node_modules/inherits/inherits_browser.js","753","ad322a7b1dec60f3d2ebda2091816469efb55b567d241cf3cf0fa4c5a4afe500","js"
"backend/services/order-service/node_modules/inherits/LICENSE","749","5ffe28e7ade7d8f10d85d5337a73fd793dac5c462fb9a28fbf8c5046c7fbca3b","unknown"
"backend/services/order-service/node_modules/inherits/package.json","581","be645800bc94fd8de29c8ae91690549b316cc437100108aeea7b2f347693cc80","json"
"backend/services/order-service/node_modules/inherits/README.md","1625","b33c8be1ca837d9e4c9b0e04a550feacbc101556164d3cdbb875aed6ccbb8a29","md"
"backend/services/order-service/node_modules/ipaddr.js/ipaddr.min.js","9738","ab95215c182a1bea49617080dc12e52e3e80521894c37ce0478b69326c151440","js"
"backend/services/order-service/node_modules/ipaddr.js/LICENSE","1087","62568a2d1337b77171ecca9db10579163446de1ba6151678e81f06cdc199971b","unknown"
"backend/services/order-service/node_modules/ipaddr.js/package.json","719","fc1071893728a0e78fa40ce0dbe04c5a1021179fdcb5b229f274e3556d6a87cd","json"
"backend/services/order-service/node_modules/ipaddr.js/README.md","8309","025b1282fbbc2f7f270e08b29414b7bbde469284564477f38b3519446aa16220","md"
"backend/services/order-service/node_modules/ipaddr.js/lib/ipaddr.js","19333","d82a21a6872925dfe73e9aa10e9eb47baba398987560e36db107f44d92f069b0","js"
"backend/services/order-service/node_modules/ipaddr.js/lib/ipaddr.js.d.ts","2959","662a75272462317059315f3028452dc8044f752ad0b6b61c084a7ae3eeb0f775","ts"
"backend/services/order-service/node_modules/is-extglob/index.js","441","68be041dd0379d295d89550d1f6f2e8c29645bdd92d14b427fe2e140b3c8f2f8","js"
"backend/services/order-service/node_modules/is-extglob/LICENSE","1087","73b5283588baa142c5baaef5f56d3e8fdea7a30b214e8c5737e87640f882453a","unknown"
"backend/services/order-service/node_modules/is-extglob/package.json","1220","8031afcd87f448d75ba8a5dd2cde9c68f982a94f406ebae8e5fb7cf6dfdeede2","json"
"backend/services/order-service/node_modules/is-extglob/README.md","3469","bb36a84b32da3f9cc24ba6e08713013e85afdc31f7d98ed051321356fe55d4f3","md"
"backend/services/order-service/node_modules/is-glob/index.js","3628","3d6b458efdfc6c26e196b907ca56f14ee015e7272d46e179e5b6fccfb7b99a39","js"
"backend/services/order-service/node_modules/is-glob/LICENSE","1088","4cd903859549d4b20b571041f96dfae1136ed079c476126268f9d7cc1b611150","unknown"
"backend/services/order-service/node_modules/is-glob/package.json","1748","1cce62b80db12fc033d85250b5881b1a288476229abda8e1abd983724befd56f","json"
"backend/services/order-service/node_modules/is-glob/README.md","7145","e42512412a98a913be8db9d4a117737a49b649b6a20919a0711070803089206c","md"
"backend/services/order-service/node_modules/is-path-inside/index.d.ts","758","b0d361d5203bc25f62d66e00058a6d80390beb4f53008e15ce385e57ed5f406e","ts"
"backend/services/order-service/node_modules/is-path-inside/index.js","290","c9a6405598cd76831faf2d5e258bd53750bd0d375d6336fede7d927ee28db156","js"
"backend/services/order-service/node_modules/is-path-inside/license","1109","48da2f39e100d4085767e94966b43f4fa95ff6a0698fba57ed460914e35f94a0","unknown"
"backend/services/order-service/node_modules/is-path-inside/package.json","590","ac771bfa2048dc0d922161c83778c679e2f4d3d6537a54d04c244def16f62662","json"
"backend/services/order-service/node_modules/is-path-inside/readme.md","1374","bd62e0eded98d9ff593af80d3c347bf9b96308aee1170964a6025cac2f9b6f4a","md"
"backend/services/order-service/node_modules/is-stream/index.d.ts","1778","9fcc71d282296e2ede8efbca5f0ef605358c1f956bb0d6b5906f646c0f27bfa5","ts"
"backend/services/order-service/node_modules/is-stream/index.js","677","14cddb2ce9959337b9f9f018ee57171ec8c4eacf1b27de9d5b5c268a2167288c","js"
"backend/services/order-service/node_modules/is-stream/license","1117","5c932d88256b4ab958f64a856fa48e8bd1f55bc1d96b8149c65689e0c61789d3","unknown"
"backend/services/order-service/node_modules/is-stream/package.json","734","07cf93d9490a2d7ed7731810b49b1c314c760291bb66cdfbc0279258ceb65ec9","json"
"backend/services/order-service/node_modules/is-stream/readme.md","1621","fc9d1b1c9e8e0775fb36b36f31c8e0db1537035d3be16bd150a0b43b15fb83b9","md"
"backend/services/order-service/node_modules/isexe/.npmignore","23","ca06e7ce01ccdd1f477910e1cd1339c23119ecf2386350b8ad876983e1da92ea","npmignore"
"backend/services/order-service/node_modules/isexe/index.js","1192","7af7a68708317ab2b8743b44591d98ca6f5ca787e89e7c289154471fd2f67331","js"
"backend/services/order-service/node_modules/isexe/LICENSE","765","4ec3d4c66cd87f5c8d8ad911b10f99bf27cb00cdfcff82621956e379186b016b","unknown"
"backend/services/order-service/node_modules/isexe/mode.js","909","0381513485dd6d0799b160a5c0bf7b4a79d1ece5c32182de44aa73f756a7ac54","js"
"backend/services/order-service/node_modules/isexe/package.json","786","395c2af9abeeaafe7391974c1eacfb2a2bdeef187f21c3f5582c49e0368e59bf","json"
"backend/services/order-service/node_modules/isexe/README.md","1395","ab12ff031a831156ebd4f4253c2e8047d37547fb95fde416be524c8b8cfe4c74","md"
"backend/services/order-service/node_modules/isexe/windows.js","890","b422b8fbb7815542dfbd1b3adaec5700249a1934c44a1d994654329c06fc1018","js"
"backend/services/order-service/node_modules/isexe/test/basic.js","4996","7fa5ce613b782cb924483bccd775a56f129b9b381df4d346a9c951a789b31a90","js"
"backend/services/order-service/node_modules/js-yaml/index.js","1793","7d1ebc0d9929b9124997b439d1a1fd9aff8feb6bb0a1b59e977ea638944f34ba","js"
"backend/services/order-service/node_modules/js-yaml/LICENSE","1084","a07bc24468b9654ce76a547d47a2db282d07733b715db4c73a98bd63961f9550","unknown"
"backend/services/order-service/node_modules/js-yaml/package.json","1768","8def73a82a4593800c08ae7f068016804d94ecadadd409a8042f1850cc5ce5a0","json"
"backend/services/order-service/node_modules/js-yaml/README.md","8501","c8e4ece538a783343f447f79b5b7594cc83c6a51d277daafd9f0c960dd740d17","md"
"backend/services/order-service/node_modules/js-yaml/bin/js-yaml.js","2736","6d7749dfd8019095970f4366cd09ec3abef9deaa3f870709dffecb027e58902d","js"
"backend/services/order-service/node_modules/js-yaml/dist/js-yaml.js","114586","283c7386b83e9155de96c51519a4b318bad3b5aaf2ddf3d240d5938193b8187f","js"
"backend/services/order-service/node_modules/js-yaml/dist/js-yaml.min.js","39513","0de3dec92d20eab9e0b46a5d928cd45ec025d73e348ddf458dbfb01da00cb473","js"
"backend/services/order-service/node_modules/js-yaml/dist/js-yaml.mjs","107743","efbc45850bf15f0c8ee3434983f512be656002d7507dc292c7ade4449b5d57fa","mjs"
"backend/services/order-service/node_modules/js-yaml/lib/common.js","1177","9211491f8e0058a419a4664e36bb4ec6509655aabe6bd537eddf941fdf34e734","js"
"backend/services/order-service/node_modules/js-yaml/lib/dumper.js","31893","1a0c7fc01df0e950caf526c2a96b1e9fbac1dbc5dc125e83657f7b723a505ca3","js"
"backend/services/order-service/node_modules/js-yaml/lib/exception.js","1299","3dcd70e20270a93b8769204174a1949a133a41afbc8f1a74a9c6ab73fd60a179","js"
"backend/services/order-service/node_modules/js-yaml/lib/loader.js","47356","5056164fe1cb8acfc42172cfebaf4805ffe6f6c9eb7ebd53b4ffcdbf6be289c0","js"
"backend/services/order-service/node_modules/js-yaml/lib/schema.js","3384","be14297ea2917dcb9ee11a7deb5b3a871f57ad978e5368c62407c83cd4dd18bf","js"
"backend/services/order-service/node_modules/js-yaml/lib/snippet.js","3088","1658b8ec688ebdd2e2dffc93fffc9cba0e9a93ad2a9a1d39b08ed5a1df5afade","js"
"backend/services/order-service/node_modules/js-yaml/lib/type.js","1849","11d7ff8e46ecc9ef8b5334aa491973ee95a5f43841afa27e14a0594cca464170","js"
"backend/services/order-service/node_modules/js-yaml/lib/schema/core.js","288","d736e58b5a947a5b86056bf4b881c8002314b6534ab1a697a67cc47e1b2dc2a0","js"
"backend/services/order-service/node_modules/js-yaml/lib/schema/default.js","538","aa09d88b4be7c51d8b6cb0b533c51ae17f534deed476c576b8d4cd3ce1bf165a","js"
"backend/services/order-service/node_modules/js-yaml/lib/schema/failsafe.js","278","96d4b5b129b966f49d8028fc752a54cb9ca0c80cc4d076240766b946a2b329c5","js"
"backend/services/order-service/node_modules/js-yaml/lib/schema/json.js","523","aa53e414f077035b4d477d19095ac01e60d9df73af716a188fd2772314041f92","js"
"backend/services/order-service/node_modules/js-yaml/lib/type/binary.js","2912","245745c866e306704407d6738e1a77776ce41e79e4cc3b2f418ae475bd00c3c9","js"
"backend/services/order-service/node_modules/js-yaml/lib/type/bool.js","971","634b7821ceb0877b5320a17b3b0fc3fb60ac3092b86c9d069722f18e2421c1db","js"
"backend/services/order-service/node_modules/js-yaml/lib/type/float.js","2467","2d762d35ad3e06d96f512fb5ece8f7172e2543bb19c551f64c5e4005a66bbca2","js"
"backend/services/order-service/node_modules/js-yaml/lib/type/int.js","3691","0dac842d32923113f2a6a153a280f6120f6ccc2da9024ba01fd4d99065d29fcf","js"
"backend/services/order-service/node_modules/js-yaml/lib/type/map.js","190","b9bf146012164a0a59ea8c5f6576052706d330a1e41ab8092e11a67d6b9ccf2c","js"
"backend/services/order-service/node_modules/js-yaml/lib/type/merge.js","230","bf34d9da7bb1158c5bdd8ae4474d11645c824440f68de79813c384cd77c4791b","js"
"backend/services/order-service/node_modules/js-yaml/lib/type/null.js","808","8f3abf27966dfc51e80ea72b363ca74b6d3bca0b15695f61e93bfee2858531f1","js"
"backend/services/order-service/node_modules/js-yaml/lib/type/omap.js","1023","a4fa54ca0343665eb199503d772a4fe4aab792e4e08bee682e70c0d4a5ada043","js"
"backend/services/order-service/node_modules/js-yaml/lib/type/pairs.js","1084","faebb6d8a9d1b0cd755f92113e49464711d87060f17d1e807695924866f89a4a","js"
"backend/services/order-service/node_modules/js-yaml/lib/type/seq.js","191","f3d76a1db2a6772a51ac32059dcc18b6666ae9c5a60a649467b5853a2fbaf425","js"
"backend/services/order-service/node_modules/js-yaml/lib/type/set.js","547","60d13edc50b58b037a6ef561d2f751c601826e455c011acf48c830baa1412107","js"
"backend/services/order-service/node_modules/js-yaml/lib/type/str.js","189","41e56af5fad426839bfe41c9a3f489de6efec71447490124a69f8f4785c46ab9","js"
"backend/services/order-service/node_modules/js-yaml/lib/type/timestamp.js","2571","9e4f77c8d504a3a8319108343d6d6b2b6ed95ba6e96f4fe9b204208d04cfd691","js"
"backend/services/order-service/node_modules/json-buffer/.travis.yml","38","96f622a9783bb8745352a4d3802d8d68fbb70fb27693de4f0a9299b1d542b6f9","yml"
"backend/services/order-service/node_modules/json-buffer/index.js","1504","d7596e0f7c808f2800aa6fa9dfa723c5547ab964aba7dcd9014cebf292f667d1","js"
"backend/services/order-service/node_modules/json-buffer/LICENSE","1071","715f1f0f2eb7688e53e4e958acdc7fc9e365ae3eaf26efc2604b93cc65fdc3f5","unknown"
"backend/services/order-service/node_modules/json-buffer/package.json","878","67bd0213396ba4664a9f2fafa3d2d25864a29f4f3800e766ea17c2aa3f4dbef9","json"
"backend/services/order-service/node_modules/json-buffer/README.md","659","2886080bde50b2b31e75872d44e944e73729c59e86dc12769ea7e826ea973138","md"
"backend/services/order-service/node_modules/json-buffer/test/index.js","1254","f81b3c5a4cfee41b6b735b4ffb04c049fcba7fe833197a032860c6aa1ad476e4","js"
"backend/services/order-service/node_modules/json-schema-traverse/.eslintrc.yml","630","9c739822eb954f6013344095d52462a819f50cc70e7697e9588756ee9b244725","yml"
"backend/services/order-service/node_modules/json-schema-traverse/.travis.yml","108","705a72042203657c7509247824507c69fff0bc359941961ab0c5caa109a66444","yml"
"backend/services/order-service/node_modules/json-schema-traverse/index.js","2373","8109c042923d3033ec2a7304cb5edefc3d36bb0d03e329b892fa1b1ba5488e2c","js"
"backend/services/order-service/node_modules/json-schema-traverse/LICENSE","1074","7bf9b2de73a6b356761c948d0e9eeb4be6c1270bd04c79cd489c1e400ffdfc1a","unknown"
"backend/services/order-service/node_modules/json-schema-traverse/package.json","1008","bdedf225125f10e80911bb94f9a3992f93835e3c70894b3d5081ed75f25c5126","json"
"backend/services/order-service/node_modules/json-schema-traverse/README.md","2694","0baa52e8b3bc88a8b9ce83437aad7714d1b41b4b29bb0af72bcabfecfea2fbb2","md"
"backend/services/order-service/node_modules/json-schema-traverse/spec/.eslintrc.yml","91","8df0cb64273b71c11db4f99be49c92e6f80f10a13de4599743e4372c8a0be82c","yml"
"backend/services/order-service/node_modules/json-schema-traverse/spec/index.spec.js","6042","40e6986bda700387e2d397971087a3977d6801bf954591505229691a267c5f69","js"
"backend/services/order-service/node_modules/json-schema-traverse/spec/fixtures/schema.js","5544","0262591e321bc88b22dc33ec78bcded5ab664e2fce2c10b9e0c35d3eb6030d27","js"
"backend/services/order-service/node_modules/json-stable-stringify-without-jsonify/.npmignore","13","16d30e4462189fb14dd611bdb708c510630c576a1f35b9383e89a4352da36c97","npmignore"
"backend/services/order-service/node_modules/json-stable-stringify-without-jsonify/.travis.yml","48","9b9a2cce2d8b28843a1a10647f82300c8403ccde268df5b6abc6c349e5167b34","yml"
"backend/services/order-service/node_modules/json-stable-stringify-without-jsonify/index.js","2792","46caf62c2209799f8fb8fced77b0b01b7dd85dbdb9aa5da1ec2fae786e7839cd","js"
"backend/services/order-service/node_modules/json-stable-stringify-without-jsonify/LICENSE","1073","435a6722c786b0a56fbe7387028f1d9d3f3a2d0fb615bb8fee118727c3f59b7b","unknown"
"backend/services/order-service/node_modules/json-stable-stringify-without-jsonify/package.json","991","49bfc3a3a94d19ccb890f71c39f41a2a56ae8cc54b45d6330d4e30dc59418ae7","json"
"backend/services/order-service/node_modules/json-stable-stringify-without-jsonify/readme.markdown","2767","644b1f37eb90b57fe70691d738518926a229294a1bd525d6097eebd005ae8868","markdown"
"backend/services/order-service/node_modules/json-stable-stringify-without-jsonify/example/key_cmp.js","177","8bfb1825ceaa31e04eb55d48796bd1ebb599d61921f9ed632238482258c2ade3","js"
"backend/services/order-service/node_modules/json-stable-stringify-without-jsonify/example/nested.js","109","2407719be20d1f8e84d0eb52019a850e3e97d0bad79d1e21c215d5ba9fb8031e","js"
"backend/services/order-service/node_modules/json-stable-stringify-without-jsonify/example/str.js","97","7b78227c48a3373d053728a6fa70b5eca194e2121ade3410b44623c45ce77d89","js"
"backend/services/order-service/node_modules/json-stable-stringify-without-jsonify/example/value_cmp.js","188","a90e841d945d9d1cb9ee27705e95f242f7c7cfc05924fec35fa0bc9db4743130","js"
"backend/services/order-service/node_modules/json-stable-stringify-without-jsonify/test/cmp.js","335","cc780fcd3353f3fe4e851f66feb7598e1de3eff2be4dc5b2dab3e97e1c141980","js"
"backend/services/order-service/node_modules/json-stable-stringify-without-jsonify/test/nested.js","1124","db4b679e897b3a61c7990737b6dc64c482077cb05ded7e8476fcd6981448a68b","js"
"backend/services/order-service/node_modules/json-stable-stringify-without-jsonify/test/replacer.js","1745","8bcf0499deba412096831426b52c2e0037c220f5689c8cb54b2a8c035df5ea20","js"
"backend/services/order-service/node_modules/json-stable-stringify-without-jsonify/test/space.js","1433","c56c2f2536b052db9abaeca53f6d4c66244a9f694cfcb573d86c3f9701e29ed7","js"
"backend/services/order-service/node_modules/json-stable-stringify-without-jsonify/test/str.js","758","ad1d0baccaf13bdc46ae21f1e48b8a5b70cd8f5b564cf0aaaf81992bd1250592","js"
"backend/services/order-service/node_modules/json-stable-stringify-without-jsonify/test/to-json.js","574","ebfe070bd31b66bf556526c90640e1880a9cd12549946f2dc140917daa84c222","js"
"backend/services/order-service/node_modules/keyv/package.json","1297","e8afd30f2f2a40ef5023928b50fdaed3a3338aa7e1c4e86205413afb05e8a099","json"
"backend/services/order-service/node_modules/keyv/README.md","15631","c39e1b3f735bb9302eb3cbd84aeb48c4311db64381f9e0a1aa4a61ddf59ce890","md"
"backend/services/order-service/node_modules/keyv/src/index.d.ts","4220","42baf4ca38c38deaf411ea73f37bc39ff56c6e5c761a968b64ac1b25c92b5cd8","ts"
"backend/services/order-service/node_modules/keyv/src/index.js","6603","4987708b4b13159c654c09d239bd0c439533b0b792a6fd4e8769d8a509ad4da6","js"
"backend/services/order-service/node_modules/kuler/.travis.yml","51","7d29a8b68f104448ed90cf62a2dba6f8ddd3f7ee4272ae01dbd00244e16aef7f","yml"
"backend/services/order-service/node_modules/kuler/index.js","2557","00a86e8f93cd09f74751e11eec5d147bca8ed6f6aab0f859f7997bf612d0aa7c","js"
"backend/services/order-service/node_modules/kuler/LICENSE","1055","5a2d5efbffa24832919e9834f4edc11ce027790ee50a47a2c1904bf69c2a5c76","unknown"
"backend/services/order-service/node_modules/kuler/package.json","645","7c22c6fe3ddd0ba047218d864008b002eab3fce6b499351e7a4c63e2cf703ae7","json"
"backend/services/order-service/node_modules/kuler/README.md","903","36db22ebfa8700e8cf85e10226b301d0ecce634b1e9937b593c0802acbfbefd4","md"
"backend/services/order-service/node_modules/kuler/test.js","883","9111c7212c5663048cae177d480ce3242b268bdb35cfca4e309cd77805ee308b","js"
"backend/services/order-service/node_modules/levn/LICENSE","1054","b9eb082c39fe245e38793699074c394c43a722c51fce031c3c165cb92a31035c","unknown"
"backend/services/order-service/node_modules/levn/package.json","901","0a25421ab66ec56def7407234858f52c1d593b2454155c06df1d7feaa324c8fe","json"
"backend/services/order-service/node_modules/levn/README.md","10468","28536d8bd1ba1e951de415a61e056432b38538a341b7100f248e8f9173ca659a","md"
"backend/services/order-service/node_modules/levn/lib/cast.js","7861","6343296219412d1e04e57d968126d0891df2631aa8a857eb0fbf78c6c55a7fc6","js"
"backend/services/order-service/node_modules/levn/lib/index.js","788","982a4c79208c266d69321aacfd5afe92fa8caf42372cd43169d4d3bdcea28f59","js"
"backend/services/order-service/node_modules/levn/lib/parse-string.js","3875","fc55565cf28e00086bd0b093b79b09286ec64e8b8fc1b8d63beb50eba4cfb394","js"
"backend/services/order-service/node_modules/locate-path/index.d.ts","1580","da2bb7623035cf8dd05721cc91161d9baffc303aa51a237c71281fc1a52e5691","ts"
"backend/services/order-service/node_modules/locate-path/index.js","1329","9d4b1cac593b50b4b745ac3655c8af60a87f854fb18407fef91585d28e3a5dcb","js"
"backend/services/order-service/node_modules/locate-path/license","1117","5c932d88256b4ab958f64a856fa48e8bd1f55bc1d96b8149c65689e0c61789d3","unknown"
"backend/services/order-service/node_modules/locate-path/package.json","786","f77d343dc6be5bc096137fb765753139e8d23971f5ad740b7a40bc8dc6a24f82","json"
"backend/services/order-service/node_modules/locate-path/readme.md","2205","5ee97e5f14e152670c65de0cf55d2af180bf7b77687d67dd9da81df782fc3743","md"
"backend/services/order-service/node_modules/lodash.merge/index.js","51155","39ad0f3cd6cdf4d09d1d53acad6f5a68f594e87309724230c2950201e4527cae","js"
"backend/services/order-service/node_modules/lodash.merge/LICENSE","1952","f71e8ed126b46346494aad5486874cd8f0aafe95092ed67d2e3cb6110f939abc","unknown"
"backend/services/order-service/node_modules/lodash.merge/package.json","579","5aaf4c24df9052e680d0728754c249fb94c11aef2e76ec3f76320431915c92f1","json"
"backend/services/order-service/node_modules/lodash.merge/README.md","446","2babb4ce9a94fb7251bf9a0b8268e48d74ae99af315d8c30c80343a067dcfc51","md"
"backend/services/order-service/node_modules/logform/.babelrc","39","e60fe3c1d4f5a77c6214185202bb17244847fc09da8736ae84d0288ce0f27e97","babelrc"
"backend/services/order-service/node_modules/logform/.eslintrc","105","661b55f6f29c49ebf324fecf5251dc4ab3ac5d94817f4e08a30026f7720ba05b","eslintrc"
"backend/services/order-service/node_modules/logform/.gitattributes","25","9c484c9037fb96d538ef81f91ea1e3d54555ffd9cc708cc9d578b86263f04d32","gitattributes"
"backend/services/order-service/node_modules/logform/align.js","367","ec63f1e339150e6027a8e852b060feab85ca1e79f111f5d9102d87e42595fdd0","js"
"backend/services/order-service/node_modules/logform/browser.js","1764","d68c8b0c5e5c468c8fe8c4d36e6d5d034f0c9dd66d29e90b894c55cb1ef97d74","js"
"backend/services/order-service/node_modules/logform/CHANGELOG.md","10735","776177237e4b76d2693978c3f050d8fb2d6d865691d7d63270722178b2b09cf1","md"
"backend/services/order-service/node_modules/logform/cli.js","1216","a53139fe477b27e7286dc98f55c663f7fafd7e737a3182a729c82641ea0573cb","js"
"backend/services/order-service/node_modules/logform/colorize.js","3038","0c1190a8bf8602ef75d36e6cac57b5ba8fdc44bc541776f80982b6fd7fe47369","js"
"backend/services/order-service/node_modules/logform/combine.js","1801","e278934bcfbbe963ed1aa7e4930d30c62946b2a64907b45a995d50ac1d3e1180","js"
"backend/services/order-service/node_modules/logform/errors.js","1216","791ce5254ce399ca151fbb12e4689e1c90800575a18d6b61d4496391d2715954","js"
"backend/services/order-service/node_modules/logform/format.js","1168","5613b52a4bcb96d98812e5ef0e89842976d4c4c2cc2d64b32daea979469d3371","js"
"backend/services/order-service/node_modules/logform/index.d.ts","6181","1bc5991c91bf4be8b59db501ed284a34945d95abe9b7451d02ea001f7c5621a9","ts"
"backend/services/order-service/node_modules/logform/index.js","1873","18502b248f32926ded44e81f3785496379b87c728d952c093b5ee9957971a67c","js"
"backend/services/order-service/node_modules/logform/json.js","983","9983420e5b7f7710487d6427de4f1e80da06350d15eee58a8cc0e92f1daba801","js"
"backend/services/order-service/node_modules/logform/label.js","469","c1c84adba559af8409000f14193a6ff746bde505398af18f2d0cc5fe514b6be5","js"
"backend/services/order-service/node_modules/logform/levels.js","251","300bdbd1878ad098c4a31d8d9c6e38ef1813e2edc64eb49a3182d95b37e144d0","js"
"backend/services/order-service/node_modules/logform/LICENSE","1092","ccf635c9ede66a9dba49dc14f29fba61bb41149f47d3f5cae1825061c327d1e0","unknown"
"backend/services/order-service/node_modules/logform/logstash.js","759","caf3058683bd960b1649805125718d085027d86d7f94949f555b7688e01743fc","js"
"backend/services/order-service/node_modules/logform/metadata.js","1327","92e8871a7aab7cc4c9140f6387aca496b4aa6136b98f1cc29cdf219333aca498","js"
"backend/services/order-service/node_modules/logform/ms.js","430","423e0b35dba87aa85c384caae5a092159a0e6dae2d01b0bf58b3373bdb3d5ee8","js"
"backend/services/order-service/node_modules/logform/package.json","1476","7fe3c68c465efc9460ce9abfbf95d5cacefc76fe159c7b171bf8923aa27e2660","json"
"backend/services/order-service/node_modules/logform/pad-levels.js","2880","b747c50021c24a30e97ff779de9d8e4949e8d5f82170773b73744ebd47c03164","js"
"backend/services/order-service/node_modules/logform/pretty-print.js","899","86dd19b72159325cc89e099e4f3ef44ebdb830415919082f430a8f2993f0b7a1","js"
"backend/services/order-service/node_modules/logform/printf.js","515","5b7e412ca6ace1f0e97d90eacb7e79ec238c352c04b9fd5ee16d1a4b2293cdbb","js"
"backend/services/order-service/node_modules/logform/README.md","18086","ad8c16930b847117361f492cb839de1040ffafbc34f455b0a009c2721636bb89","md"
"backend/services/order-service/node_modules/logform/simple.js","979","d43dfbbc67fa11c2a1988f545fe0ee7618364ed75dd499a30ffd53ed4cf13199","js"
"backend/services/order-service/node_modules/logform/splat.js","4271","41f3a73d42dc6068e55d8d2a717863a39e00dc62caccdd361de41dda5162f6c3","js"
"backend/services/order-service/node_modules/logform/timestamp.js","757","d0f7541e9b2645ee7f3bed47c9d0c9f3d5a9945d6251cc502710f8f3b717a572","js"
"backend/services/order-service/node_modules/logform/tsconfig.json","384","848c7aa399ddb00a772840ccd0e85f68a4ef5200905b8526810af80e722441de","json"
"backend/services/order-service/node_modules/logform/uncolorize.js","705","1e709eaef09045be53850cb05bd1ce3cb8ddb8481e52aeb00f49f2d821206fab","js"
"backend/services/order-service/node_modules/logform/dist/align.js","378","7101089b735f0ed53d07b84d4d1a0e9e26c6c77c64f7430c8a759c45ab1d0757","js"
"backend/services/order-service/node_modules/logform/dist/browser.js","1720","4acd1791e46ab4539e70f335a0ba4ee9b6743807f0864b41b5d51f37d63ae5f2","js"
"backend/services/order-service/node_modules/logform/dist/cli.js","2842","4f712be60ef90b7b0ef9ba7c3b93f623b3a7d3e8ae5f14d55fd0ca4454a80e66","js"
"backend/services/order-service/node_modules/logform/dist/colorize.js","4822","50f6524255f17c819969c9469c26a9c49b87b13f25edbb07d6b00c6f14e07de0","js"
"backend/services/order-service/node_modules/logform/dist/combine.js","1908","118b425e599a3945bf26792577d2d9b5297ae3e4596465c337b1662938a4f3d6","js"
"backend/services/order-service/node_modules/logform/dist/errors.js","2253","c1e66ff9e3a0e104419d221f18ab5d45cf529684bc07a02ff7e643290701a3a9","js"
"backend/services/order-service/node_modules/logform/dist/format.js","5426","63241e2fd063dfa4f0a6ee0eac3a6d2a78ca4c8fc3c4260a19acd4f918f8b484","js"
"backend/services/order-service/node_modules/logform/dist/index.js","1918","57128f3aee59c83db40f913731b4c4a16dc17432e5a9d6c3367474c6ab553642","js"
"backend/services/order-service/node_modules/logform/dist/json.js","1003","dc2d7b8f9c9238bf19c7150c364e40626123f56214dd7128355cc879608f3c5b","js"
"backend/services/order-service/node_modules/logform/dist/label.js","487","79ed225480cce74adc7759bc9425e53b99862417d245d3ab443e1c07859c3190","js"
"backend/services/order-service/node_modules/logform/dist/levels.js","285","dc387b82619bce6e78bb9cf2899c24bba0b1c4900605d5eed6c952289fe70c10","js"
"backend/services/order-service/node_modules/logform/dist/logstash.js","783","5c4067cc5cedcf1a63c17cee126603ff5bd199da418caccaf2a4b4c62b08bf18","js"
"backend/services/order-service/node_modules/logform/dist/metadata.js","2346","3ac55fd1f83fea6effac5035905ea477ed538d17981e659ca736732ada21580b","js"
"backend/services/order-service/node_modules/logform/dist/ms.js","460","9c819b8c4728124756dddd696204dd389eb33829aea0c73f7671a78db714e8d3","js"
"backend/services/order-service/node_modules/logform/dist/pad-levels.js","5966","3d573f670a1bccef34774e702a2dffc444dd8c91b3e7282236f958de5813cbb4","js"
"backend/services/order-service/node_modules/logform/dist/pretty-print.js","1034","bbdae183359b804925dfacb7d94f4df0b407df4a4aa1500d6b3c2a7fcb1edaf1","js"
"backend/services/order-service/node_modules/logform/dist/printf.js","1973","666877fd1d5ff3cb3e118c47f21e84e7ef6713c6a75284de355bdec925b89a79","js"
"backend/services/order-service/node_modules/logform/dist/simple.js","1063","ac14377dd5f4ff290f320c84d5ed71bfc21e35226e5688bcfd4518f00d426ea2","js"
"backend/services/order-service/node_modules/logform/dist/splat.js","6994","0b499558795dbb02914d700c4867c647f22cf5c4e13b3a6782145d877be9d45d","js"
"backend/services/order-service/node_modules/logform/dist/timestamp.js","817","82cac65c63a7a8b34685023f8b00bb752e1c29554f1cdd69bad918e1ad579644","js"
"backend/services/order-service/node_modules/logform/dist/uncolorize.js","727","0298bdf8b000fec965f2f8b13d584d49734419e7d9d10a72a25588f85a3d0596","js"
"backend/services/order-service/node_modules/math-intrinsics/.eslintrc","229","945b2b35c8d6dc3bb008e7a6391fb98f8d4103ca0dc64652b13dcbea0dd090e1","eslintrc"
"backend/services/order-service/node_modules/math-intrinsics/abs.d.ts","18","e2535a3ae028d92692873993a284117fb65c7d883b3b1490fdb7c12a80060a9f","ts"
"backend/services/order-service/node_modules/math-intrinsics/abs.js","73","276961e4323370f3632410c6da81dda018b78c0cfb2a83ea72d48c80a3eaaeb1","js"
"backend/services/order-service/node_modules/math-intrinsics/CHANGELOG.md","1466","1868f81797e7249a210cf6f1811b0700a2c582ab9bed97575ced127b4f9b328a","md"
"backend/services/order-service/node_modules/math-intrinsics/floor.d.ts","20","f1084c18879dbfa7a5ecbe75fe5ff9053948cac70b8204da034da8fd3730a357","ts"
"backend/services/order-service/node_modules/math-intrinsics/floor.js","77","ea904c30b45d6fbbc1780f4db7d78c360bbecf98ecd789f0c817156102714c3f","js"
"backend/services/order-service/node_modules/math-intrinsics/isFinite.d.ts","80","af90daf7f9ee2597f0dab8adfb96c27a8c5b7840b8d593444e87d1a844e80970","ts"
"backend/services/order-service/node_modules/math-intrinsics/isFinite.js","262","7045afb6184ca183449f97d519cf9dea5e46583121c01266ed4eedae3825650b","js"
"backend/services/order-service/node_modules/math-intrinsics/isInteger.d.ts","87","05946fbc1b0c47364192b32b186950c7302b2742f490980c625f5d36a1df238c","ts"
"backend/services/order-service/node_modules/math-intrinsics/isInteger.js","410","22c5144c94c4da5be94fb4d3d735f5f65fe3b9fbe28b6d2cf4fe8541bc53e915","js"
"backend/services/order-service/node_modules/math-intrinsics/isNaN.d.ts","22","36c498c8fa3bfb40195a2cf394d79efe540f4e08f26d5b6b0be18c5eb9d1151d","ts"
"backend/services/order-service/node_modules/math-intrinsics/isNaN.js","121","1aa84179527aef8df84457dd8d4e828d76d58fd9170e7a9893ee7e0e774534e8","js"
"backend/services/order-service/node_modules/math-intrinsics/isNegativeZero.d.ts","79","20117f7b2f84fc2fe571f799d74313962adb100de456f9fc1629747576aaccb6","ts"
"backend/services/order-service/node_modules/math-intrinsics/isNegativeZero.js","143","8b83fd56780ffb96eb5a31c073fd7ca24d03b1259b8aae90ef7eac311e1ded34","js"
"backend/services/order-service/node_modules/math-intrinsics/LICENSE","1073","2b770a704c15de238c3f622b01b0044ddd60b49ee30608ea6991ebf19db7a7a1","unknown"
"backend/services/order-service/node_modules/math-intrinsics/max.d.ts","18","c7ad791cd3947a3c9a1dcc564e06a2a05c3e8d4fa620e96c0695e1dcae90cec2","ts"
"backend/services/order-service/node_modules/math-intrinsics/max.js","73","92326f3eab1e40148bd68fb65a85d2c3f18fc32a03be27353b2054ba27ba7409","js"
"backend/services/order-service/node_modules/math-intrinsics/min.d.ts","18","0a8c36167cea0494e244014714defcdc06e4c47fb114176fa507d9414ae16bb2","ts"
"backend/services/order-service/node_modules/math-intrinsics/min.js","73","b78c68ab96cb2764df12ff8038f5b05b05376b4c39608a7a25b3b0b168e7c2e2","js"
"backend/services/order-service/node_modules/math-intrinsics/mod.d.ts","76","d57a361edc8bd8b57c5ec48723b8f4bbecb8c67c09b03c48cb5fc446f1521541","ts"
"backend/services/order-service/node_modules/math-intrinsics/mod.js","218","0a5d968b563d027bad91e35bd3b244a749c2bf8357f33f93e0abf8c8d3d4a625","js"
"backend/services/order-service/node_modules/math-intrinsics/package.json","2670","39d74aa5a354153130706286dd60a2d8409ce0c8f66546eff2edcac0afff17e1","json"
"backend/services/order-service/node_modules/math-intrinsics/pow.d.ts","18","576836e98c9b42b6ccafbb3cff69eee063d11ff35de760fbda2961fb57478ab8","ts"
"backend/services/order-service/node_modules/math-intrinsics/pow.js","73","8dd625bd4c7b31b7656ab99babc9fea1617f36c35f5dbd339ebdc2d0f4bd97d2","js"
"backend/services/order-service/node_modules/math-intrinsics/README.md","1884","9ac2e749aed9f8259749e0fa1f8caebf3112340ac8d27ba88071744bde8f9b7e","md"
"backend/services/order-service/node_modules/math-intrinsics/round.d.ts","20","e0a30d85998f4a458d7b916103c6d93790a83e68dbcea489a5b698c84f8e50e5","ts"
"backend/services/order-service/node_modules/math-intrinsics/round.js","77","1d4794c5869d554732cdc82208f954df348e4035f3cbd09ab758c553a207dc1e","js"
"backend/services/order-service/node_modules/math-intrinsics/sign.d.ts","57","60fcb026e19e792e4044c8f24c8da7b98debefcaa9f043a818193582f5092d19","ts"
"backend/services/order-service/node_modules/math-intrinsics/sign.js","214","aef51335e4671ddd0f55a81e2e4395b1d96afee20102b50e33e2b485f7cd2598","js"
"backend/services/order-service/node_modules/math-intrinsics/tsconfig.json","36","0e570d88a16e1e96c7b5ff8f4b44e50a6e7f49e5fc5e1affab9a3a8946964f80","json"
"backend/services/order-service/node_modules/math-intrinsics/.github/FUNDING.yml","561","a038b7ce2a1e3b2a4dfb7956d262943a084f40d16ddd1a5c19e29a439409db50","yml"
"backend/services/order-service/node_modules/math-intrinsics/constants/maxArrayLength.d.ts","71","64e4968fb47e712d4d520a7952321f1991f744b1cde959403ceb33f353a7739a","ts"
"backend/services/order-service/node_modules/math-intrinsics/constants/maxArrayLength.js","110","0f267bd9824ebe59456bd6bc6ba41a541ddf0a92c6b3d18201daefd0cc40613e","js"
"backend/services/order-service/node_modules/math-intrinsics/constants/maxSafeInteger.d.ts","77","e6b03543ab87ec705c58c866be6026030b4c08712239a178017e26d5c7f6b41e","ts"
"backend/services/order-service/node_modules/math-intrinsics/constants/maxSafeInteger.js","231","576a7c935f4154a6f2eaf69446560e36371afb55120774f05563f06ab261df85","js"
"backend/services/order-service/node_modules/math-intrinsics/constants/maxValue.d.ts","71","cf85d615baada714fd113a268df580caff678b674f68fca52138506c88a2b4f9","ts"
"backend/services/order-service/node_modules/math-intrinsics/constants/maxValue.js","197","a920a974645eca8557c75d4fecf745c68a272621a57d5ed4ca6ffc73ded366e2","js"
"backend/services/order-service/node_modules/math-intrinsics/test/index.js","6320","883f9e369aefcb654c5001e0699631343a413a700fe3f079ca4e17deb8a21036","js"
"backend/services/order-service/node_modules/media-typer/HISTORY.md","461","739de29408b3f06851637fef507f1b42f584725e547c272cf19929d5f568cbc2","md"
"backend/services/order-service/node_modules/media-typer/index.js","6375","27af6de782c53c57c4a8f111a81cd26b8d68c896c2dcd83e27da4c73234ce16b","js"
"backend/services/order-service/node_modules/media-typer/LICENSE","1089","74d8054d56d522bdaa340d3d71130cb204997d523a5292c85ac1264dd77c8d06","unknown"
"backend/services/order-service/node_modules/media-typer/package.json","759","8ccf875e488e700b79ec48386e2f47c51c5f26297ec74e5e4e5d92dc5d70ef30","json"
"backend/services/order-service/node_modules/media-typer/README.md","2371","12b47b8b2e2a0f70289b2f3fd9f810422f918b78024e0019e86c2c9bc4af695a","md"
"backend/services/order-service/node_modules/merge-descriptors/HISTORY.md","363","95dc03eb48a629f2136bbb0d2427963e6ad71906ccd532b28074f438c5cc70ac","md"
"backend/services/order-service/node_modules/merge-descriptors/index.js","1218","5e15ebd1a4719ebe9c54b07ec135a60e18b070218ff2858e14baf0761271ffda","js"
"backend/services/order-service/node_modules/merge-descriptors/LICENSE","1167","62fb7d7c1822fe783895866057247bbd50164b00631fce9e4981d3897bdee4d9","unknown"
"backend/services/order-service/node_modules/merge-descriptors/package.json","1028","6321e7d658510186de8976bd577ef59a1dcc4f1371d238ce2e676e484d1ebbed","json"
"backend/services/order-service/node_modules/merge-descriptors/README.md","1305","33c5bccc424b77847b700794971d4b09a705403c75e2be3e56532768ae1fe057","md"
"backend/services/order-service/node_modules/methods/HISTORY.md","427","4c23c63b7e97453a1517f474714ec21d6d590bface0961788ec748b800a4e789","md"
"backend/services/order-service/node_modules/methods/index.js","1040","670576bfe96eb9e4fecd1e8c19f491a68b9bfd7da0e7564cd0a3c2ebd3839180","js"
"backend/services/order-service/node_modules/methods/LICENSE","1180","1da7f0788d14d545b2b953f78a27b916d320dfa174c2fcfa124c5aaffa81056e","unknown"
"backend/services/order-service/node_modules/methods/package.json","947","1aea21641646c87a589208a9363141cd2acd503db45c635f8217613c45837c09","json"
"backend/services/order-service/node_modules/methods/README.md","1694","118d134e8bcd8b81d0a3596e0ded6d10372f9ec1e5df5a5b8b4295923973c7f4","md"
"backend/services/order-service/node_modules/mime/.npmignore","0","e3b0c44298fc1c149afbf4c8996fb92427ae41e4649b934ca495991b7852b855","npmignore"
"backend/services/order-service/node_modules/mime/CHANGELOG.md","9473","cb69ab3f4934b6970aabc64fdbcc37d8c53ee2e3010b00f37688ce017d212ff7","md"
"backend/services/order-service/node_modules/mime/cli.js","149","f8691b2f01b77334e33bb6898d69c80dc05b18e4be66760c476331a388f9cd27","js"
"backend/services/order-service/node_modules/mime/LICENSE","1098","8f2658c03422c408b2b2ce4d151decc3b1a6fd3d86e5ca9433777bccdcdf75a2","unknown"
"backend/services/order-service/node_modules/mime/mime.js","2726","a121a0b9e780e9ae349a26227a0d25c33ebac2d52a85aae5affa84ba0f53f16c","js"
"backend/services/order-service/node_modules/mime/package.json","933","f6a871d6ab40d2f2945d626a4d75da2fce78a35737c0870a0a4da9bee43f9d4e","json"
"backend/services/order-service/node_modules/mime/README.md","2119","3d645cf326552be680b89152865a5648e0ddae647ffa02a325980a1cdbd774a5","md"
"backend/services/order-service/node_modules/mime/types.json","31555","a5391e434b1d3d1ad0ffd2c7d2227b4dc3ceac7fc263d2ec1b93c20b9daa41f9","json"
"backend/services/order-service/node_modules/mime/src/build.js","1351","facaa3974bfa27c832a629735077528b59cbc088fcfd2c22bbacba152c76ef2a","js"
"backend/services/order-service/node_modules/mime/src/test.js","2334","516efe52b18b29b36b9ac4ed1d679a497e0846b269a9cf101fb405fbcc8b402b","js"
"backend/services/order-service/node_modules/mime-db/db.json","185882","85c8e1ba609079947c8df83c092900ab0226e1d7b60e5e7105fb7dd701833263","json"
"backend/services/order-service/node_modules/mime-db/HISTORY.md","12581","1e820a4ab3b25cc858eed9d2629ddb39bfd48bab307bedec769308c258199aa6","md"
"backend/services/order-service/node_modules/mime-db/index.js","189","2ccebf3d525708c915c6a86ffbb68e5023d34c9bc30b6b4021db9ebbc6ca9ecc","js"
"backend/services/order-service/node_modules/mime-db/LICENSE","1172","cc1dfd4dafa27271e8212cd3b274eeb3f262e40a6fdab36ddc3f9696f706f58b","unknown"
"backend/services/order-service/node_modules/mime-db/package.json","1624","d03e37b915a050af548d543f4e45ff5de06ec767c19e745f18c431d9dc26b5bf","json"
"backend/services/order-service/node_modules/mime-db/README.md","4091","5cc863fd64953afa39d206b510378b73e8c767c5fd124bb8d4017db921c94855","md"
"backend/services/order-service/node_modules/mime-types/HISTORY.md","8812","277b1cfc3e8fdb57e8b3fc9ebdef37d108ac13572b60091cccaf0e863167adc0","md"
"backend/services/order-service/node_modules/mime-types/index.js","3663","8cfccaac306beb650d60c7f069ae0f4b39d648f1e3914696b18c133ab33e6419","js"
"backend/services/order-service/node_modules/mime-types/LICENSE","1167","71f83c4c0621102a56d9853812777b85751bce7e9726f686f5b056c1f8a4b0e6","unknown"
"backend/services/order-service/node_modules/mime-types/package.json","1149","5053cc10259c3913ab6b6c8f13170a619c0d1836c1d9081238329a559fafeb3a","json"
"backend/services/order-service/node_modules/mime-types/README.md","3481","19e8eaca7dc91f7ad8e46114ce1689e4976368435f41a0039f48aaf27e5e6a20","md"
"backend/services/order-service/node_modules/minimatch/LICENSE","765","4ec3d4c66cd87f5c8d8ad911b10f99bf27cb00cdfcff82621956e379186b016b","unknown"
"backend/services/order-service/node_modules/minimatch/minimatch.js","27460","746849f267c4868a53729225bd85c7dccd387712136fb305fcc0a3eadd4a3d9d","js"
"backend/services/order-service/node_modules/minimatch/package.json","700","eefa1c89527d52bbb2e8b053fe8ecf3e3ced399bdba82cf27e0e92edfd833938","json"
"backend/services/order-service/node_modules/minimatch/README.md","8752","2c77413d0968383754fa5334cb061822a32b400834b9214677bf58b7eb279851","md"
"backend/services/order-service/node_modules/ms/index.js","3024","e5f0b6a946a9b2b356a28557728410717df54ea2f599edb619f9839df6b7b0e9","js"
"backend/services/order-service/node_modules/ms/license.md","1079","1662fae9b5314d11cf51284e2dcd1f006a354f7343f08712a730fcff9a359801","md"
"backend/services/order-service/node_modules/ms/package.json","732","1a6b4d9739790c0b94ab96c8cc0507e281c164c311ff4fbf5e57fb8d26290b40","json"
"backend/services/order-service/node_modules/ms/readme.md","1886","8bf6c4f414b123ea2a9375b91982882d01d8561ce7d12e3bb4f448c23359f040","md"
"backend/services/order-service/node_modules/natural-compare/index.js","1303","15f5c6fd3086eb01f2beede34bf23a84f3ca2b9f4a87ec86c1bfc2045b99c6e3","js"
"backend/services/order-service/node_modules/natural-compare/package.json","992","3d99911ccfa0ca34ae0c68bfd32c038b952542e55db7c649c37b11dd1573f6af","json"
"backend/services/order-service/node_modules/natural-compare/README.md","3352","ced6cb1fe6ee15a32c63ea8c7e0425454e80456a890c6df3909429530566d40a","md"
"backend/services/order-service/node_modules/negotiator/HISTORY.md","2499","6b25039b6a40f7fcb7eb6dc891418d154c4b4154284f58c6bffcb10ad7587a6d","md"
"backend/services/order-service/node_modules/negotiator/index.js","2451","4f9279bcffc74199c671739f2d0e91fe5176a7f7e4683ca59809a50463a842bd","js"
"backend/services/order-service/node_modules/negotiator/LICENSE","1177","553d4d20029a24e315b428a1a54a9e109eaa340f2e958a4f50a92362c2c4070b","unknown"
"backend/services/order-service/node_modules/negotiator/package.json","993","8672e91f7395ce51ec789d883d7f7d872a40847bb83a6a3f89c3d1ded39e55d9","json"
"backend/services/order-service/node_modules/negotiator/README.md","4901","b0350b39c18cf8f0d28f078913c91cccfcbe3ece1ec6c3cb8eb4c9fd64adb160","md"
"backend/services/order-service/node_modules/negotiator/lib/charset.js","3081","e6522a2df58f21a6cdf8d146f7e85b9a49bcaf68b813dec15068a8e84fc582c3","js"
"backend/services/order-service/node_modules/negotiator/lib/encoding.js","3506","35421dc78d3c1b608922427bbd6e524518168621ff1a44919fc591ca297e813c","js"
"backend/services/order-service/node_modules/negotiator/lib/language.js","3409","4aebb44da06094f2d56f0b20b4fbdd542cda00a4c9295e10bbe55203701c9024","js"
"backend/services/order-service/node_modules/negotiator/lib/mediaType.js","5358","0dab239c924fa4d5f823548e25dc9f10315bf490b821827b640318b7aa200577","js"
"backend/services/order-service/node_modules/object-assign/index.js","2108","e02cb9714ef6e561e971fe400644330212f07ca86120587199470d8b759a4b7c","js"
"backend/services/order-service/node_modules/object-assign/license","1119","6fb9754611c20f6649f68805e8c990e83261f29316e29de9e6cedae607b8634c","unknown"
"backend/services/order-service/node_modules/object-assign/package.json","764","5990bbffa235fc675debd925d50f6c3f48a2b4526d8c9f7555cadec9029d0d7f","json"
"backend/services/order-service/node_modules/object-assign/readme.md","1502","3261c0b6a6fb04216942dcf3d71e57fe0be681c1a816b1a5941dac9f81cf862d","md"
"backend/services/order-service/node_modules/object-inspect/.eslintrc","1298","22417af06c6566e098c56c7fb458aa716010dedb878e2bf9c0b9f06bb40e6bc7","eslintrc"
"backend/services/order-service/node_modules/object-inspect/.nycrc","236","054eeda03a706b8eb6821a2cc2d47080c7d6cb031c82252ff9a13460fef3bb8e","nycrc"
"backend/services/order-service/node_modules/object-inspect/CHANGELOG.md","36562","2a4cce1ade3b0d2945f26beb1852c075bd8d3dba20a44dc75185c8c1cd2779fa","md"
"backend/services/order-service/node_modules/object-inspect/index.js","19059","9aad508be54fbe29d82145d54352e7a19c01e19b70e1202b0123449fe9afcde6","js"
"backend/services/order-service/node_modules/object-inspect/LICENSE","1071","bd40cc437e28a3ad7bef2ad34e6b72e757b182e67bda1acadbab4ef0476f8232","unknown"
"backend/services/order-service/node_modules/object-inspect/package-support.json","365","1d6770f17ca57a021af57c931ebd3c787d0d06ebaed27da98cfcc2ef77633247","json"
"backend/services/order-service/node_modules/object-inspect/package.json","2841","21c5c63f653705f44a60f5fe93752b231caf6ff07b01805740bd89b71b2d6d8a","json"
"backend/services/order-service/node_modules/object-inspect/readme.markdown","2988","3a99acaa394dea033e3feda3ca2bbed56d76cd80a055005156c38c1c225bd601","markdown"
"backend/services/order-service/node_modules/object-inspect/test-core-js.js","534","16d580a89dec81a3657e20d9f827768178abe029bf31a950136a38852b493b9a","js"
"backend/services/order-service/node_modules/object-inspect/util.inspect.js","42","bb49299375c82d8d22983b76f6c25cd9ac923dc61cd25fffe9b3f71dad26dc40","js"
"backend/services/order-service/node_modules/object-inspect/.github/FUNDING.yml","585","c5d7d674c3932a7e2962b172028b54a41540916a991cdd9ee0bf60f901eb00ae","yml"
"backend/services/order-service/node_modules/object-inspect/example/all.js","391","fcf0c7b568eb8914f89824172ec41782c57070bdc813d5fe27f165a90f628078","js"
"backend/services/order-service/node_modules/object-inspect/example/circular.js","116","b73a9884e6566f11892fe8d2c42000170109e9a2ebb47e9fee80fa8e040aaa5a","js"
"backend/services/order-service/node_modules/object-inspect/example/fn.js","126","ff646d533194cd0b8a6c684b82e899c0930a3ebf944abdee8070c7c84f6a0bef","js"
"backend/services/order-service/node_modules/object-inspect/example/inspect.js","251","060983edb7c1a8350a7dacbe2f209d96c62b657b0ffbbebbfe7fc3cd19e58e77","js"
"backend/services/order-service/node_modules/object-inspect/test/bigint.js","2082","2fde9c2f1050c282c681f7f8ae987e68668271e2dbca302af431505e26d5981c","js"
"backend/services/order-service/node_modules/object-inspect/test/circular.js","451","e904cddc6f53b4d0ca9171ceb31fe4039b8fedea78575863158b86a2eba74d5c","js"
"backend/services/order-service/node_modules/object-inspect/test/deep.js","400","bfdd266350646f91f8b1367ee96925228fbb38c0ffa6ad285964465fae5d2dd4","js"
"backend/services/order-service/node_modules/object-inspect/test/element.js","1575","603b3d295bc8114fcf9df39ccfcb1af3091ad7f50c7963b73d03f624d0e12def","js"
"backend/services/order-service/node_modules/object-inspect/test/err.js","1536","3e673a17cbd47a527578d82aa9feff31621fcca1bbf8d5ff88948633c3485644","js"
"backend/services/order-service/node_modules/object-inspect/test/fakes.js","683","95454b37e092016b765dc3702c9d60b363a62e8b03db8f39f5e7e4d37b17af82","js"
"backend/services/order-service/node_modules/object-inspect/test/fn.js","2227","e2f0dc345d174bfb0f7ce790c5368702310015b0be1ef274d72e3ce740dbe5d4","js"
"backend/services/order-service/node_modules/object-inspect/test/global.js","372","7c90c87b9b5062fa2ad7889e8981628d390ccc2c868e0a02bcc9fc2be19492f8","js"
"backend/services/order-service/node_modules/object-inspect/test/has.js","514","929e5d9ee18e4fd7e6e7da3c6d9f988c4643cc8254f0c18950f28c102a10ad5d","js"
"backend/services/order-service/node_modules/object-inspect/test/holes.js","255","6debf6783179e75e1559bd5ddafb7352244d11204f3be24d9c93fe96778f55f2","js"
"backend/services/order-service/node_modules/object-inspect/test/indent-option.js","6633","88ab6d6b8d0b059b0ce6b1632bdd5b8a7a218b61572f2fa6c9f01abc9925a362","js"
"backend/services/order-service/node_modules/object-inspect/test/inspect.js","4946","8c60f38286b654632cdfc4015a47657c339591e82a4489e181b689e2f2625d23","js"
"backend/services/order-service/node_modules/object-inspect/test/lowbyte.js","268","a0ce0ab0dee87383b9d2d957f76eb21658a9a660fd80cd666f0f94aa4b28478f","js"
"backend/services/order-service/node_modules/object-inspect/test/number.js","2312","b688ddf9d78ccd7b295b8d73ddfe29f0da5ec5acf884e570842106ca649f93d8","js"
"backend/services/order-service/node_modules/object-inspect/test/quoteStyle.js","1530","8b3afbbd4a1a9be2ff367a2ac6a3daccd61aa4c48ff7bf37fd1c3db2d3444005","js"
"backend/services/order-service/node_modules/object-inspect/test/toStringTag.js","1546","c8edffbcccb9ae87c3dbf9f8e0e3112dc4f062ac911aa54b0a40f8639988a114","js"
"backend/services/order-service/node_modules/object-inspect/test/undef.js","302","b1f88feb036f85511aaaceb85ca3676c98b56d14130e09d9501056f917862281","js"
"backend/services/order-service/node_modules/object-inspect/test/values.js","8407","b27da98b1b844ab9456d23574d9b505a90d48be61cde2b5f4613fb33a3bac7f5","js"
"backend/services/order-service/node_modules/object-inspect/test/browser/dom.js","416","4450f3adf5025565d98c6b8b8164884656d1187f9102636b016e7cf2895e8571","js"
"backend/services/order-service/node_modules/on-finished/HISTORY.md","1865","1954661afcaee2b2e961f1b56dc9694f3074608def2a4ae75f7b1203d18086ca","md"
"backend/services/order-service/node_modules/on-finished/index.js","4430","8e16bae14ec63bac9cdbb50572a7b53061fee914712f5e803ff03c44e8845276","js"
"backend/services/order-service/node_modules/on-finished/LICENSE","1167","8089bcc08845ec143e5761f4a101a65b8c792a0dedbfeeb90a15560c0b77f768","unknown"
"backend/services/order-service/node_modules/on-finished/package.json","1057","c812eca4b0dee2317cb446124cb27ae8e5b993c8fdd0144886b629ef6ef53fc1","json"
"backend/services/order-service/node_modules/on-finished/README.md","5160","b52e3f3a4ce4fa24c28fe59ccc08b5f4866eb5dd57943718a4a914f35901aa89","md"
"backend/services/order-service/node_modules/once/LICENSE","765","4ec3d4c66cd87f5c8d8ad911b10f99bf27cb00cdfcff82621956e379186b016b","unknown"
"backend/services/order-service/node_modules/once/once.js","935","3db73e347ecbdbafdf8d0db85145c877e133f5372e767360ef90c09f70ac5103","js"
"backend/services/order-service/node_modules/once/package.json","574","33840d74c14c94bfb75c76374765b635531b1eacb88d7f1f2f380c94d0ea1328","json"
"backend/services/order-service/node_modules/once/README.md","1772","43b6d72bb23aff98af3243ab7e8d23d9af339ec46cdbdc81ded537c9899fa650","md"
"backend/services/order-service/node_modules/one-time/async.js","1056","76606a024dc7a53e1c650b3ae22ddbad76db024d468664be640cb16ab187fa38","js"
"backend/services/order-service/node_modules/one-time/index.js","1027","4c4027899cc60ecb1b5bc4f82945adf83925b0f53f07871a93ad9e0197875269","js"
"backend/services/order-service/node_modules/one-time/LICENSE","1115","3b2a6a268aa815dec121d614245e03b5c68db1f044d5b525e36db7d5dc7fb9c3","unknown"
"backend/services/order-service/node_modules/one-time/package.json","734","95f439060816dac444a0bd628e9849fd0894afe8e9eb4110bd737daadad46175","json"
"backend/services/order-service/node_modules/one-time/README.md","2157","4d156ddeb2bad52d09a732bdaeefc185d1c64792e02756ec734a1bfbbae894e1","md"
"backend/services/order-service/node_modules/optionator/CHANGELOG.md","1995","0da8e1157452323c5bb06909586a3b4452ab7a3f7a6f1419bb9fcb047e6581d9","md"
"backend/services/order-service/node_modules/optionator/LICENSE","1054","b9eb082c39fe245e38793699074c394c43a722c51fce031c3c165cb92a31035c","unknown"
"backend/services/order-service/node_modules/optionator/package.json","889","8011d3db01182479d3881e788bacb5a9f603ca74bd564c4d26f713d5f5f571d1","json"
"backend/services/order-service/node_modules/optionator/README.md","15047","e1eb7364a530109ddba2fb154fd786b925f456b1c016b570daa5a379b718e2fa","md"
"backend/services/order-service/node_modules/optionator/lib/help.js","11144","1a2955d5981db2f6b663ff02fa89e792157dc9b20207cb4048e289c88ae51193","js"
"backend/services/order-service/node_modules/optionator/lib/index.js","18530","ae47cfb06ff47dbe397fec5093413051a175172702c1ca47b33a3a46e0062640","js"
"backend/services/order-service/node_modules/optionator/lib/util.js","1498","90a7b198512d81c4d2dbb92a52f43465c6af6d9da68d85318715b46538156ecf","js"
"backend/services/order-service/node_modules/p-limit/index.d.ts","1418","9f91eee81fda27d38d60963fe1de2f050a5cfb241af56b7e7ee6d9aa8522a058","ts"
"backend/services/order-service/node_modules/p-limit/index.js","1521","ec25b742450df200d287bd9790451e203e2a99066f615b43f034e731afa0697f","js"
"backend/services/order-service/node_modules/p-limit/license","1117","5c932d88256b4ab958f64a856fa48e8bd1f55bc1d96b8149c65689e0c61789d3","unknown"
"backend/services/order-service/node_modules/p-limit/package.json","928","0de84d3e2ad5bc3a7bac54354fe6f049ce7b351d67fcc57eda6660f9fa2e83b5","json"
"backend/services/order-service/node_modules/p-limit/readme.md","2770","20c5386b5a6d769b0d0a54652870dea0f004b2588239bd731fca53721d674291","md"
"backend/services/order-service/node_modules/p-locate/index.d.ts","1467","093a64b9e65ad2b28fa2a5d2e7cab81851e3dc1d7f3c193e35f7eda124223cf1","ts"
"backend/services/order-service/node_modules/p-locate/index.js","1157","370323654b11cedf0f1bb510972bc251ecf5e7c60863cc8351a59a369e328d66","js"
"backend/services/order-service/node_modules/p-locate/license","1117","5c932d88256b4ab958f64a856fa48e8bd1f55bc1d96b8149c65689e0c61789d3","unknown"
"backend/services/order-service/node_modules/p-locate/package.json","942","3a3baffa53cfac8fd6281250dd824d56118f46ad258edb09d8aed1a15e0003d2","json"
"backend/services/order-service/node_modules/p-locate/readme.md","2557","3553dd9f250c4ecc119b21e709db34d3c6ff3dd4f2cdec4d2327a824d759690b","md"
"backend/services/order-service/node_modules/parent-module/index.js","641","73ad900de4c6151bf574eef2b7c74c340282254c3d96e683b80ffffdbadffef7","js"
"backend/services/order-service/node_modules/parent-module/license","1109","48da2f39e100d4085767e94966b43f4fa95ff6a0698fba57ed460914e35f94a0","unknown"
"backend/services/order-service/node_modules/parent-module/package.json","712","4c6c519739db25dabf32a8fe29b08e34fb763ca897f14b776a0e2e99fc40afed","json"
"backend/services/order-service/node_modules/parent-module/readme.md","1460","2c7e443349bbaae23fe9ee62397129ca30a4118184d9908babdc514d260ea322","md"
"backend/services/order-service/node_modules/parseurl/HISTORY.md","1043","aa6e5cd75ddde03b54623af11e6aeb6f92ccf6a1c69805b20890228182030189","md"
"backend/services/order-service/node_modules/parseurl/index.js","2809","811223d4a19492ccc642384dc84f0af4ad935557dfe8f63750d7ffd673e40f17","js"
"backend/services/order-service/node_modules/parseurl/LICENSE","1173","11d017c3b9f1ee3f44caf7203035f0461d5b57e0db8ce1bc03a9af34fa7d3f6b","unknown"
"backend/services/order-service/node_modules/parseurl/package.json","1180","98c7b953c844cac7c0be2d5abc6559c6fd3a6075fd159b04c0f1bf46145bfed2","json"
"backend/services/order-service/node_modules/parseurl/README.md","4094","2d37d38021aa9eb04b9915958140a7e79350672555f60f4b271384de1c0cfb81","md"
"backend/services/order-service/node_modules/path-exists/index.d.ts","429","1cbab72f53316e0997d014579384ad715731e1e701ab0f2b76667161a16f16ff","ts"
"backend/services/order-service/node_modules/path-exists/index.js","347","379a30047a60f8d7b3bbbc2fa1fa0362f53e11ab7e63859fedfa7f2e25a99601","js"
"backend/services/order-service/node_modules/path-exists/license","1109","48da2f39e100d4085767e94966b43f4fa95ff6a0698fba57ed460914e35f94a0","unknown"
"backend/services/order-service/node_modules/path-exists/package.json","607","5e258d1a0d185ae469fec34de2af18913421b94181ef61238efcfe0b00d1b2c3","json"
"backend/services/order-service/node_modules/path-exists/readme.md","1427","9b41614e1a564d590df6e1367a4ee28f27efc0886e98bbfee104c5fa725db7b7","md"
"backend/services/order-service/node_modules/path-is-absolute/index.js","611","4eb1119c3eeccc4d8e8841b77d062abaf4572b332801f5b16175bc3311b5d8f1","js"
"backend/services/order-service/node_modules/path-is-absolute/license","1119","6fb9754611c20f6649f68805e8c990e83261f29316e29de9e6cedae607b8634c","unknown"
"backend/services/order-service/node_modules/path-is-absolute/package.json","733","be5b83877f6998b840b9365d7ab77e885f0d583337826c22daccaeb6e303fd4c","json"
"backend/services/order-service/node_modules/path-is-absolute/readme.md","1153","18fc7bbc65c9a84e2f15b6b24302cbd0d0d6cb8ba90d6f55d1c8c7bb52da95b5","md"
"backend/services/order-service/node_modules/path-key/index.d.ts","1032","804fb0c13d2ebd79f57cddfdda769f13217b423b2a7151e0c456cdecf635ae80","ts"
"backend/services/order-service/node_modules/path-key/index.js","415","fdbafdc163f668fe325333d62387365c9b074e01253e32824a4dbf5cc552705d","js"
"backend/services/order-service/node_modules/path-key/license","1109","48da2f39e100d4085767e94966b43f4fa95ff6a0698fba57ed460914e35f94a0","unknown"
"backend/services/order-service/node_modules/path-key/package.json","650","25594dab72681c910d9cc919263a4daf27d77a75e0d2c26a4d958d6d6b798f86","json"
"backend/services/order-service/node_modules/path-key/readme.md","1347","dcd0d891bc1a13eefa64655c4601387daecbf5c93f96d868f9c0eaf97c723c1a","md"
"backend/services/order-service/node_modules/path-to-regexp/index.js","3839","b9bc0ce9cc412f9cc61d067d61cbb6207dd2d0ecb8d8aa9325d9499da3b76a48","js"
"backend/services/order-service/node_modules/path-to-regexp/LICENSE","1103","4eeb3271453a891df609e5a9f4ee79a68307f730c13417a3bfeffa604ac8cf25","unknown"
"backend/services/order-service/node_modules/path-to-regexp/package.json","554","39441795d309275bbe74b5836e34e6ab41feb31d74d37d54fca1090339fe6425","json"
"backend/services/order-service/node_modules/path-to-regexp/Readme.md","1102","9e280681bcb5d63e7e2e8a5faa1fd1ed55573c0726268770f37ec267208fb31a","md"
"backend/services/order-service/node_modules/prelude-ls/CHANGELOG.md","4123","89222921f59a9ada903d6d9a61b47c49117e80643cc0dd99bea00b4345089ea7","md"
"backend/services/order-service/node_modules/prelude-ls/LICENSE","1054","b9eb082c39fe245e38793699074c394c43a722c51fce031c3c165cb92a31035c","unknown"
"backend/services/order-service/node_modules/prelude-ls/package.json","1047","d943e3b5a7189692268bf64e3a068249696985a9c8728397fc8786b59a198b53","json"
"backend/services/order-service/node_modules/prelude-ls/README.md","613","22e826aa1a63821df6e369012401a79ee5b0952cc0320fcede801d6fdf50ea67","md"
"backend/services/order-service/node_modules/prelude-ls/lib/Func.js","1654","0243e2303a7615f008eb7482d66f47d31158480c77b993d5e8a0b0a24241bcb0","js"
"backend/services/order-service/node_modules/prelude-ls/lib/index.js","4932","3a62c2d3956f5441b9a9675c85e6f57efd5473048323b9a6a653e7c8a7fe1bb9","js"
"backend/services/order-service/node_modules/prelude-ls/lib/List.js","15544","a38ae5bbae6a50732f12d574b9251a20ce61d1a5bb7ea793e33d1cdb8ab4d260","js"
"backend/services/order-service/node_modules/prelude-ls/lib/Num.js","2469","4694568f49a6b57eafa5fe57d6e4e1ae562251cfdd1022f2f5cd028eadeb3430","js"
"backend/services/order-service/node_modules/prelude-ls/lib/Obj.js","3201","31395047a5e213032ff2064bcba87ad1e7fdd04321a716b1c42233193dd5ac16","js"
"backend/services/order-service/node_modules/prelude-ls/lib/Str.js","2104","8da922782784d9e73a02a15ddd2464adf8081ab8c0fcc9a1aca4b113c44ad802","js"
"backend/services/order-service/node_modules/prisma/LICENSE","11357","c71d239df91726fc519c6eb72d318ec65820627232b2f796219e87dcf35d0ab4","unknown"
"backend/services/order-service/node_modules/prisma/package.json","3520","01c1aa746e5b0aebf01b38ec1aaffaebc098bacfe93b2f413fd4112de9251ae3","json"
"backend/services/order-service/node_modules/prisma/README.md","4937","eca36c360cfebbf675ccec63e80077451091ccde51d23eaf6f480489ad2a99af","md"
"backend/services/order-service/node_modules/prisma/build/child.js","640073","237ba8edc4bc636f9045ca89a7b349faf845c235c03bcefcbb6c67a297da021d","js"
"backend/services/order-service/node_modules/prisma/build/index.js","2235214","ff0102cdfadfecb884c5f0b6e43661f4ef2a31917dbfad3157236ba8e8532388","js"
"backend/services/order-service/node_modules/prisma/build/prisma_schema_build_bg.wasm","2893316","adf02f9b486d507024be2bf59b271a88e39f48c3ca2266c6c46d7e9109296c05","wasm"
"backend/services/order-service/node_modules/prisma/build/xdg-open","25763","4ef38acc21ba40c78ef9d3808fddc14fce0efeab3df27c6caa4a82d7bdac7492","unknown"
"backend/services/order-service/node_modules/prisma/build/public/favicon.svg","627","a08eaa01f28936b4dcfa2384ca6e7e71251d957135a3d9a377f17ec759f48f45","svg"
"backend/services/order-service/node_modules/prisma/build/public/icon-1024.png","594165","11bbab4a98472b4c6e56cedf6b8b0b96611af4104a19156d4296036db25659c0","png"
"backend/services/order-service/node_modules/prisma/build/public/index.css","289927","0e4426559166b7309dcf50cf6429981c564882ee99002951e801c89d0b0447ed","css"
"backend/services/order-service/node_modules/prisma/build/public/assets/alert.60ea9f84.svg","510","60ea9f846dff4acc207fb1b502e927b9902dba938f1c6638a113350560f0dd52","svg"
"backend/services/order-service/node_modules/prisma/build/public/assets/array.1a36c222.svg","207","1a36c2228a55c61b87d7ca35a0e7e58053c806d6b1dc48e79b105b93dff2eb4c","svg"
"backend/services/order-service/node_modules/prisma/build/public/assets/boolean.9188b434.svg","430","9188b4345a12ee28b7587d34192fc22d9b9c0f25dcc2065fbf813242e85d5a93","svg"
"backend/services/order-service/node_modules/prisma/build/public/assets/chevron-down.24f76e3c.svg","136","24f76e3c6cf393bd3badf71faa16d1990efd98296ee2396d7173f235bcf28a6e","svg"
"backend/services/order-service/node_modules/prisma/build/public/assets/cross.c2610cf5.svg","823","c2610cf52f598ad8e0a7e038c0b4d71f59edfd6ed78d4d9471c19b956156a40c","svg"
"backend/services/order-service/node_modules/prisma/build/public/assets/datetime.a3bf710a.svg","329","a3bf710a4309655b437e72f1b75ab55f8204e73247e604b649392b25e4c57cfe","svg"
"backend/services/order-service/node_modules/prisma/build/public/assets/download.8d34b65a.svg","945","8d34b65a85bb6f62e0a50724c9075a94527e6a0d1af92d7951b7276887ec6a89","svg"
"backend/services/order-service/node_modules/prisma/build/public/assets/ellipsis.a8c5a34a.svg","195","a8c5a34af5be4e2426aecf460b05155d6c78974be12cf714fea51d2c505c11b2","svg"
"backend/services/order-service/node_modules/prisma/build/public/assets/enum.7ec0b64c.svg","309","7ec0b64c7be2d733081521aa23ee51cca580ddb6deea5b45a83b2df8c78395a8","svg"
"backend/services/order-service/node_modules/prisma/build/public/assets/folder.d77b8eaf.svg","606","d77b8eafd83cbee7b51bafe9dd389eec64801e5d8b40a08eb1256a84157f491b","svg"
"backend/services/order-service/node_modules/prisma/build/public/assets/hamburger.5fdadeac.svg","286","5fdadeacc36339d74f7487f769a46728a240896add9d99c8a5d027a2b54e60b7","svg"
"backend/services/order-service/node_modules/prisma/build/public/assets/index.js","282901","7d21cb677dd952d9c54194b951fa020cdb52a8e2ce1be56956b890bd7e81de91","js"
"backend/services/order-service/node_modules/prisma/build/public/assets/inter-all-400-normal.4c1f8a0d.woff","121716","4c1f8a0d5ef1e04d7e14d194a4ef624345e7c7c1cdb4ff61d4552e32a60ac1d0","woff"
"backend/services/order-service/node_modules/prisma/build/public/assets/inter-all-600-normal.d0a7c8a9.woff","131632","d0a7c8a993b9310ebb74a893fa564133bc129f6af41126eb98d207c813b96093","woff"
"backend/services/order-service/node_modules/prisma/build/public/assets/inter-cyrillic-400-normal.ac97a49e.woff2","6500","ac97a49eca5ce5218b7dc5da931a69182aca421e1a66a3e03c0d7c84e1197541","woff2"
"backend/services/order-service/node_modules/prisma/build/public/assets/inter-cyrillic-600-normal.2c917f10.woff2","6928","2c917f10b6896b55f3793d1956066271ab909e52c8bffce225c4cd9bfad936fe","woff2"
"backend/services/order-service/node_modules/prisma/build/public/assets/inter-cyrillic-ext-400-normal.f21a6a97.woff2","9748","f21a6a97f08901ceed020bc58cf50ed44bf1fc62fd2f920177a3112e3f579cb0","woff2"
"backend/services/order-service/node_modules/prisma/build/public/assets/inter-cyrillic-ext-600-normal.bb31f197.woff2","10660","bb31f197d44718fce59f2936615168edbad9ca3e386b28ddc68c982b3675a0db","woff2"
"backend/services/order-service/node_modules/prisma/build/public/assets/inter-greek-400-normal.e9163df8.woff2","8288","e9163df802bb09d4a7642248fe44c1e234b1b803abab3e870e26673980dfb02a","woff2"
"backend/services/order-service/node_modules/prisma/build/public/assets/inter-greek-600-normal.e644d70f.woff2","8888","e644d70f8f22dbed6f177e58a6bb72ad81ab11b4568c70ea3d7d0a9ba90bbe7c","woff2"
"backend/services/order-service/node_modules/prisma/build/public/assets/inter-greek-ext-400-normal.43addcc8.woff2","4992","43addcc8f0505fd25ed1bee5f1df8182759c31e871643c2cf4b14d8a269e1655","woff2"
"backend/services/order-service/node_modules/prisma/build/public/assets/inter-greek-ext-600-normal.7f437016.woff2","5328","7f4370165124400d053bd09c08a0c0e8523f03433eb9cbdf2883ffa424896ffa","woff2"
"backend/services/order-service/node_modules/prisma/build/public/assets/inter-latin-400-normal.27ae72da.woff2","17156","27ae72daf88c7431896929273087c99910d019ae82dc0af7d86505c0f5ef5dbf","woff2"
"backend/services/order-service/node_modules/prisma/build/public/assets/inter-latin-600-normal.87d718a2.woff2","18096","87d718a282da60f8ef79c2c85e2999bd0fe7a6ef3fc77ccb3ad8a5ff8474b1ef","woff2"
"backend/services/order-service/node_modules/prisma/build/public/assets/inter-latin-ext-400-normal.5b02c69a.woff2","22192","5b02c69a8b7169da95612efd3003a29290b5b5dc573efe993ae066db23733714","woff2"
"backend/services/order-service/node_modules/prisma/build/public/assets/inter-latin-ext-600-normal.88feb9e4.woff2","24168","88feb9e4406cd478925f7ecf204cd31bfeb53b10694d4e16fd018187a82dc16d","woff2"
"backend/services/order-service/node_modules/prisma/build/public/assets/inter-vietnamese-600-normal.8185dacd.woff2","4208","8185dacd90a13f274cb37ffab50c79fa3e6191be2d14e9e804de5f74e6b385f7","woff2"
"backend/services/order-service/node_modules/prisma/build/public/assets/jetbrains-mono-all-400-normal.f86807b7.woff","49960","f86807b7a7aea856964b2010ab53d7b2cbacb0a5c2ce4c7b81103bf8455997e2","woff"
"backend/services/order-service/node_modules/prisma/build/public/assets/jetbrains-mono-cyrillic-400-normal.1ae57fe2.woff2","4676","1ae57fe249bb4916830623f9824e037e375a72e5626eb946aac2a1531a146f75","woff2"
"backend/services/order-service/node_modules/prisma/build/public/assets/jetbrains-mono-latin-400-normal.80a5dc9e.woff2","19188","80a5dc9ee5c98aa278db4d618d253a1a9de8cfd5ff9d43a7a9cf41cbc4b6ce78","woff2"
"backend/services/order-service/node_modules/prisma/build/public/assets/jetbrains-mono-latin-ext-400-normal.6315c53c.woff2","5664","6315c53c76183393d75f9ead6d42aeea593d7c9b9bfa953bf4d6d3881f6fb35d","woff2"
"backend/services/order-service/node_modules/prisma/build/public/assets/logotype.a960b169.svg","13047","a960b169116bbed704932b6808a5efc51ce24c03d0dafed50d2bc0458ad1a8a1","svg"
"backend/services/order-service/node_modules/prisma/build/public/assets/number.85ddf96b.svg","1139","85ddf96b9120707e6cb423fa7b74129f6df936545f8dee7feac8a5b5b116eb35","svg"
"backend/services/order-service/node_modules/prisma/build/public/assets/object.0ba944a6.svg","1022","0ba944a6f22f291fb83c3a95bb1f4382ab7bb8da684c9410fbe3a9f20e700164","svg"
"backend/services/order-service/node_modules/prisma/build/public/assets/play.8811691e.svg","311","8811691edd5bdf7ff927519c7ece8dbcf350fa55553ad5a32dcf95aa6e0ddc6d","svg"
"backend/services/order-service/node_modules/prisma/build/public/assets/plus.8fbf7ad3.svg","437","8fbf7ad3218d46777f84ba237497927107bd98b54628e1ce1df8a5ee959b46ea","svg"
"backend/services/order-service/node_modules/prisma/build/public/assets/refresh.d5448ccc.svg","557","d5448ccc360a081541eb180883fcd3781cee6b583d5e2226fa5cefd84d15061f","svg"
"backend/services/order-service/node_modules/prisma/build/public/assets/search.2ed766ce.svg","363","2ed766ce032784cfeb1f73389bbffa264a0155b3b40368534a01aa1dcab2152a","svg"
"backend/services/order-service/node_modules/prisma/build/public/assets/settings.5ad25af2.svg","21112","5ad25af29ec3d743fe977a3176ca3ee6bc277c18935bdf2eedf09f471d768d6f","svg"
"backend/services/order-service/node_modules/prisma/build/public/assets/string.ea615a24.svg","330","ea615a247275383aed0b5d6d63361f85dd6d42851d48e9db0ea0c9b0e7d946e8","svg"
"backend/services/order-service/node_modules/prisma/build/public/assets/tick-indeterminate.aec8a44d.svg","152","aec8a44d733bf35307eaa91b3ce3f8aabc0f4aea1f67e101104700a7cb719ffc","svg"
"backend/services/order-service/node_modules/prisma/build/public/assets/tick.8cbb6a93.svg","481","8cbb6a93e053ac6d4bbe5bb1983ec17e3457119e4ec038ce218515b64e55fa6d","svg"
"backend/services/order-service/node_modules/prisma/build/public/assets/vendor.js","1213717","4f2eb88f9200d6246010d3555fc5413b0bca6b951d5377b40ed1634ab045f807","js"
"backend/services/order-service/node_modules/prisma/build/public/http/databrowser.js","138","95bc49f2006d73e3495ed0637d7107156c49746e95a89e4e38ddaace028c6100","js"
"backend/services/order-service/node_modules/prisma/build/public/http/splash.js","133","88042d6cd806bdebcef81a0a35d5d3850a89f5fbecf067f71b8ed8ecf9ff0d2d","js"
"backend/services/order-service/node_modules/prisma/build/public/pages/http/databrowser.html","572","ddc600ecb42508fb819132bc4f85ff5722c17f58b70cca3e15f4bc3c98cc7773","html"
"backend/services/order-service/node_modules/prisma/build/public/pages/http/splash.html","567","72a5ee0c5ad1eeadf59d1f916ae3897eae792afda48093d6cdaa00dba87f6311","html"
"backend/services/order-service/node_modules/prisma/preinstall/index.js","31826","704adae17c3f283855154062ee056792d2212cd0f15460979be891f7e33b2562","js"
"backend/services/order-service/node_modules/prisma/prisma-client/default.d.ts","39","51ebca098538b252953b1ef83c165f25b52271bfb6049cd09d197dddd4cd43c5","ts"
"backend/services/order-service/node_modules/prisma/prisma-client/default.js","61","0cfff057c91fcb7559bd1a3bb4891404e455829ced5b18a87c9393ee1721ace4","js"
"backend/services/order-service/node_modules/prisma/prisma-client/edge.d.ts","36","317483ac49e6e3592ae08c55aeca9e9cc252749ef3a10841229f01422720ed2a","ts"
"backend/services/order-service/node_modules/prisma/prisma-client/edge.js","107","7bf087246c937e84453cb6ec8235c106c9f1808b3400d74601dd503f14e49643","js"
"backend/services/order-service/node_modules/prisma/prisma-client/extension.d.ts","40","2479ba0bddab019eaacf32578d5c3af99999cee581bc10d49946469b06ee2426","ts"
"backend/services/order-service/node_modules/prisma/prisma-client/extension.js","111","116e87c8b1e477b2b0f80b08f32c1752976d6909f9e6e38a1c4a92f97b9251f3","js"
"backend/services/order-service/node_modules/prisma/prisma-client/index-browser.js","80","3d3124ae428b3514dbeb60a4270b904a063451cb82de1d96f0b16d69fd1860c6","js"
"backend/services/order-service/node_modules/prisma/prisma-client/index.d.ts","39","51ebca098538b252953b1ef83c165f25b52271bfb6049cd09d197dddd4cd43c5","ts"
"backend/services/order-service/node_modules/prisma/prisma-client/index.js","110","98ebb7453444d223cacae7a3d8ad655f29997523d9a1646d383f852b10ba70fa","js"
"backend/services/order-service/node_modules/prisma/prisma-client/package.json","8276","a75b093d05ef385490ad2532f22f4c9586bfbde609915f2c73ace24aadb0f2f0","json"
"backend/services/order-service/node_modules/prisma/prisma-client/react-native.d.ts","44","cb44a22537d7c1b1b2e427e70a2e15a6b6659271b484a98eee18199dff3fdeb7","ts"
"backend/services/order-service/node_modules/prisma/prisma-client/react-native.js","66","18194ed433c5d4b588d5f7bbfe43fdabcedec2a6a7891e8d06fb5224f546fcc3","js"
"backend/services/order-service/node_modules/prisma/prisma-client/README.md","2553","8962ebaf0fc70382ac40759fecc178cd96ace15221c7debb309a38761b116b90","md"
"backend/services/order-service/node_modules/prisma/prisma-client/sql.d.ts","35","79609bf6f382209078a578e71ed2ecb81829f1b8bebae3c7948a02090ead8e3e","ts"
"backend/services/order-service/node_modules/prisma/prisma-client/sql.js","70","1eaca014b3d83401e69545a43e2b2bb8ee95c9238703428a084a6479a49b66d1","js"
"backend/services/order-service/node_modules/prisma/prisma-client/sql.mjs","51","a9a785844488c0ae9da9890d625df4c61d8033e93914d213b4456aefc87b4487","mjs"
"backend/services/order-service/node_modules/prisma/prisma-client/generator-build/index.js","349605","1697ccccd6b9ef9bfe00277ab8347d656080854d12680568940546e1ef4602ee","js"
"backend/services/order-service/node_modules/prisma/prisma-client/runtime/binary.d.ts","26","8edadeb551395cad9fde0272dcc52341e2728b7d835dd61d51fb795b714ce37c","ts"
"backend/services/order-service/node_modules/prisma/prisma-client/runtime/binary.js","622440","df18294def856b0c913615d7d77b14473d8a4bf5a9ccfaf6dfca1cacb2c10adf","js"
"backend/services/order-service/node_modules/prisma/prisma-client/runtime/edge-esm.js","166095","bad30b145b6994c8c862fbe42a5e7fc0b85c7b655b245fdfe5df9e635ab72fe8","js"
"backend/services/order-service/node_modules/prisma/prisma-client/runtime/edge.js","166370","c43b46015a75a52e283616ce63927baa0299a22166cbfbcc9b86ac03a50c42b2","js"
"backend/services/order-service/node_modules/prisma/prisma-client/runtime/index-browser.d.ts","11850","0def2ed9fde3a822fccc92f6b2d42cd933b2fba5f421140cc0076d1661b2d862","ts"
"backend/services/order-service/node_modules/prisma/prisma-client/runtime/index-browser.js","34709","b8e7ecc96d6a1824365eea35c638da6746ef1d17db54cf0d276e31f576cf1120","js"
"backend/services/order-service/node_modules/prisma/prisma-client/runtime/library.d.ts","117585","21247c958d397091ec30e63b27294baa1d1434c333da4fda697743190311dc62","ts"
"backend/services/order-service/node_modules/prisma/prisma-client/runtime/library.js","191178","9ab29d2d4f29cfc3bef4d09eb4008edc80dac07266ca81d1e21a602a8e039050","js"
"backend/services/order-service/node_modules/prisma/prisma-client/runtime/query_engine_bg.mysql.js","16229","8ba900fdcf270bf7c68930336f53c821c1686d74041f802a5a29e89f2da7f2b8","js"
"backend/services/order-service/node_modules/prisma/prisma-client/runtime/query_engine_bg.postgresql.js","16484","d5600a198dd8e2a132011a1401fb94e25662ffdccec27e7b920c13a8f4afbb4d","js"
"backend/services/order-service/node_modules/prisma/prisma-client/runtime/query_engine_bg.sqlite.js","16229","9e61075ea88cb6e7363b09a2cc5fcd836121fe417329e8131bfe18eedf6c03e1","js"
"backend/services/order-service/node_modules/prisma/prisma-client/runtime/react-native.d.ts","117585","21247c958d397091ec30e63b27294baa1d1434c333da4fda697743190311dc62","ts"
"backend/services/order-service/node_modules/prisma/prisma-client/runtime/react-native.js","174707","f95142fd9db2606a061e1361603f1832a674152a71571f5c4526302e08ffe611","js"
"backend/services/order-service/node_modules/prisma/prisma-client/scripts/colors.js","5732","08eb6a703f1f8acb8c3cdd69f5c15ba958c3df657a35c7d4e30436a799847a9f","js"
"backend/services/order-service/node_modules/prisma/prisma-client/scripts/default-deno-edge.ts","212","2c477a207046eb53c996f4a7eed2ae894cb021393d58cc5c0310456ce21a6c47","ts"
"backend/services/order-service/node_modules/prisma/prisma-client/scripts/default-index.d.ts","3989","71df692065d79c5b044002f8a68eba33e934859859094bab2f334f64a467f428","ts"
"backend/services/order-service/node_modules/prisma/prisma-client/scripts/default-index.js","2078","8ddaed338be85a42d43f41a14079be84b6b5c3e6efb5a505137d9f96c652c508","js"
"backend/services/order-service/node_modules/prisma/prisma-client/scripts/postinstall.d.ts","304","3bf65a90eb02f4bdf76d64569983b3770d6d54c27428682a38d836c487bc7bfd","ts"
"backend/services/order-service/node_modules/prisma/prisma-client/scripts/postinstall.js","13100","d74f4d6b63eb274012518b87504b47e0be2e13d946527723770009ccb29dd804","js"
"backend/services/order-service/node_modules/prisma/scripts/preinstall-entry.js","144","d6385b9abaee148d114260990efb85507429831b8e57ad7610d7afed08831dda","js"
"backend/services/order-service/node_modules/proxy-addr/HISTORY.md","2991","9bbb818f8492ddca7ba1454d43ea2b3e956cccd1d56ae4ab8b85d9560903b364","md"
"backend/services/order-service/node_modules/proxy-addr/index.js","6000","c586f959f09961edc6e261d9404455fce40998a221f71d44833bb4b12796c33c","js"
"backend/services/order-service/node_modules/proxy-addr/LICENSE","1094","a7996721249a136fbcfc1c201bcb5f414f38a701d4a24f28abe65e16cfcce813","unknown"
"backend/services/order-service/node_modules/proxy-addr/package.json","1183","e490a79f8058cbb7c0e9fd3b9977013102b5cbd8d232259b93bb2ebf85834a51","json"
"backend/services/order-service/node_modules/proxy-addr/README.md","4131","409e75c7c493c60aeb91d36d4c0bbdf028b5ffc93fbe5372c1b9dbd711804e05","md"
"backend/services/order-service/node_modules/punycode/LICENSE-MIT.txt","1077","483acb265f182907d1caf6cff9c16c96f31325ed23792832cc5d8b12d5f88c8a","txt"
"backend/services/order-service/node_modules/punycode/package.json","1227","e025033bd11110af671fb8eb62f0db8895073ccdca70b596aa94a27eb5bf9acb","json"
"backend/services/order-service/node_modules/punycode/punycode.es6.js","12780","8969ae1b78644a33574be197d1a7a9c85b031092f1c1a657d865b7b3c1edd77e","js"
"backend/services/order-service/node_modules/punycode/punycode.js","12711","6052a80eac47e46bd4de17ae0095e0192c336d3d7c387d292ad2176ebfc53d04","js"
"backend/services/order-service/node_modules/punycode/README.md","5719","ab87f92cff7bfac2644eee44b469b263f7a147b6e5e8c15627164890a249c2be","md"
"backend/services/order-service/node_modules/qs/.editorconfig","597","ef991316be3cde9167226a96646b5646378cce9bee1dee200644faa45563888a","editorconfig"
"backend/services/order-service/node_modules/qs/.nycrc","216","7e1e3a52df079fc764989d75b3aaf5228228c841978e0c9201d1f394c1fd2655","nycrc"
"backend/services/order-service/node_modules/qs/CHANGELOG.md","34400","dadaac2101771241b3404dac0db6dae4001d5ac4523a0eda6800c36e1a5691e9","md"
"backend/services/order-service/node_modules/qs/eslint.config.mjs","1450","41b7ec9391278a28261465d2e90eda31aebd65b5eb25195326877a7658852a23","mjs"
"backend/services/order-service/node_modules/qs/LICENSE.md","1600","e7dc37bf662d7f786efcb46c545615e70c1daf458a38385521c63cf6607cdfe1","md"
"backend/services/order-service/node_modules/qs/package.json","3151","044da82330f7dd2c812f511288fe99e5a4d908ca8a6881583822114a119e6a64","json"
"backend/services/order-service/node_modules/qs/README.md","26129","bd967c9532fdd7f7a69af3ccf74640a5e712a3a414f4047991f253cc5f1e3386","md"
"backend/services/order-service/node_modules/qs/.github/FUNDING.yml","548","367b5d545d7a66684895ee7efd987130e83018491a7b2f72f25c0b062157ad90","yml"
"backend/services/order-service/node_modules/qs/.github/SECURITY.md","413","51e490f9a23ac20c626337b0ef991884f12effb95353c67e56af3a6135fbfbf6","md"
"backend/services/order-service/node_modules/qs/.github/THREAT_MODEL.md","4665","82d92a5f05d6e8f100275a0017d4fd35e293cf1b8bd725ef0df5a095ef8eba12","md"
"backend/services/order-service/node_modules/qs/dist/qs.js","51417","325747adbd096a7d56428b0d61a4a77e101beb05abaa3eff721467267faf65e8","js"
"backend/services/order-service/node_modules/qs/lib/formats.js","476","d4e3de8b5a4c94865d8acd6f1c7538144732d466769661160bc0bf6ec9db3f4f","js"
"backend/services/order-service/node_modules/qs/lib/index.js","211","8f4e02eef6ccc43f2b7448c18ae209281c8e9af9807cad491df67450e3817a95","js"
"backend/services/order-service/node_modules/qs/lib/parse.js","14087","8ce98dda1b27600cdd4ebdf86a7d712f02de843679a89023d08156434f00aa76","js"
"backend/services/order-service/node_modules/qs/lib/stringify.js","11475","4573ecea7b9d556ecff13cb9db249d88b39235b742553d27296ad853338b0a5a","js"
"backend/services/order-service/node_modules/qs/lib/utils.js","10151","5075acbf3fd44c1f12f79cfbf28d11879912c3b340cbae041c04e2ad19288127","js"
"backend/services/order-service/node_modules/qs/test/empty-keys-cases.js","7698","14d3091bdde249668f5d88d61a045185a0d5c2ea376a3211b791a58148475224","js"
"backend/services/order-service/node_modules/qs/test/parse.js","60341","33da7df8a296b2a21e7ac3c7efca16c0675e312bf2ef6ed3489e5c8db0143a53","js"
"backend/services/order-service/node_modules/qs/test/stringify.js","53382","d5bf17f6243c63e2dbebf219eba5ce31035aab038939528a85edd0db6d5e8e1b","js"
"backend/services/order-service/node_modules/qs/test/utils.js","14962","09f2ecb6a0ef4c8e03f986a86d58ed1db9fb2777cdc81d7d56a3b15455d21513","js"
"backend/services/order-service/node_modules/queue-microtask/index.d.ts","79","657194465388b6efc61cb463d0f718123e9224f77cf6386c228e83792a6a41dc","ts"
"backend/services/order-service/node_modules/queue-microtask/index.js","402","e56672f1cf34e0be38f3c28c164810c878a243918d19bd0ac82d701209b5b9a2","js"
"backend/services/order-service/node_modules/queue-microtask/LICENSE","1081","d4c2065e2b936e62a4eb400efb4576edec9ca1388a9f78aa288e147275e7bc8b","unknown"
"backend/services/order-service/node_modules/queue-microtask/package.json","1177","e6d153dda4c9aee863e7d8cc59419d4eb94b9829277cda9289a40f96efb36c11","json"
"backend/services/order-service/node_modules/queue-microtask/README.md","5628","3a8d322db8edf9a4b30823e0c0a547ad6a39c7b474156de59942ad7318fad755","md"
"backend/services/order-service/node_modules/range-parser/HISTORY.md","917","aa0d8d70a8c3cdd30685235914ca2422a4e9fd2fa901b166811fa130d05d3f06","md"
"backend/services/order-service/node_modules/range-parser/index.js","2900","38786526d000475300728db07455aa21d1e37b0f24e48fbc4cb30136ae30b07b","js"
"backend/services/order-service/node_modules/range-parser/LICENSE","1178","f655e6291356ec0de7a8f0e69f294961a2cea86678ec94588be1e6a492e278ab","unknown"
"backend/services/order-service/node_modules/range-parser/package.json","1184","d0b5f54eaa59001dc86720a9be1fdf653bad83707d70842332fb3e8847f65a89","json"
"backend/services/order-service/node_modules/range-parser/README.md","2278","886bf556a8a88adc2aac86da3c8d63106e1c8e7854eb14bc1c095edc074163f8","md"
"backend/services/order-service/node_modules/raw-body/index.d.ts","2286","3d05b353d9341c0dbff6d21f18490e346c3b661f5fc9d7f36e0e3fe5f940699c","ts"
"backend/services/order-service/node_modules/raw-body/index.js","7171","e1c1ff9152ec1f5cf1ef1c2b853d6723e93ba13e4e9f1f15f9c6b2026a39a1cb","js"
"backend/services/order-service/node_modules/raw-body/LICENSE","1181","37876d7de8bdf5e5b9b58a697ebc34044624e493e6f49eff5c938e5226dcac6b","unknown"
"backend/services/order-service/node_modules/raw-body/package.json","1292","3847f01a7ffd81ca56879b158b8301f96244113f152ed117bff3f3abf5f88a5f","json"
"backend/services/order-service/node_modules/raw-body/README.md","6553","2bdf5dc084fec13fa087101d1c3efdc22421d19c1551984b49ce6705eb636d57","md"
"backend/services/order-service/node_modules/readable-stream/CONTRIBUTING.md","1443","56e4e12a6934a2c4d36c7bf893f4d8aefa6c96f9ffcec357dfa6476e36c4f1f5","md"
"backend/services/order-service/node_modules/readable-stream/errors-browser.js","4197","346033597378d23e59068d120d6257f7cd85ae88c40b1f85c3329cece0d119c4","js"
"backend/services/order-service/node_modules/readable-stream/errors.js","3715","7028cca95b2f124345bd5b816e0d8184e7b7d208fe0aa76eb38df43e8644fd03","js"
"backend/services/order-service/node_modules/readable-stream/experimentalWarning.js","460","5f9beff594347ba6765b806ec36e25699be1407627e2ee91be5d609e40baacb8","js"
"backend/services/order-service/node_modules/readable-stream/GOVERNANCE.md","5550","7a521e462d1c6f3b599c44637fb337bbf969dda311510a87236ec539a415331d","md"
"backend/services/order-service/node_modules/readable-stream/LICENSE","2337","ec62dc96da0099b87f4511736c87309335527fb7031639493e06c95728dc8c54","unknown"
"backend/services/order-service/node_modules/readable-stream/package.json","1886","469ea81f64037d1f179bcd46412217903a2924dd2e7d7d9b728659b6f12c3e69","json"
"backend/services/order-service/node_modules/readable-stream/readable-browser.js","488","c4ff3ea62ef65a2c68ea721dcbd58b621150660facd02be95ebfc556c4dd123f","js"
"backend/services/order-service/node_modules/readable-stream/readable.js","729","2944f1d3c8c5d5c5e07e7c30d6cbef5fc37440b7c73de47aeb37fa8424f04bf1","js"
"backend/services/order-service/node_modules/readable-stream/README.md","4710","93e374225fa62e8b1423059092bd614b6fe837315f3c10688362f20dfe2c54a4","md"
"backend/services/order-service/node_modules/readable-stream/lib/_stream_duplex.js","4381","e2e55263df344f33d016a3e051de1a86e2206989a2162951e651e5557665954c","js"
"backend/services/order-service/node_modules/readable-stream/lib/_stream_passthrough.js","1628","af6250df6a49a0148eed8b5f2e28b2f692c3ffa9df538a59dc716a4bd10901e2","js"
"backend/services/order-service/node_modules/readable-stream/lib/_stream_readable.js","36023","9837de8cae91f9a80da75368855b45c3ada9a858983355fd873d8885cab1c5ab","js"
"backend/services/order-service/node_modules/readable-stream/lib/_stream_transform.js","7936","a2f6e6d17a74dfa75bc7b34b50546ebcb76eeb2f4aac6d1090f80915aee20342","js"
"backend/services/order-service/node_modules/readable-stream/lib/_stream_writable.js","21907","0f3f2accecd343dfae91d7daa72f3ad125b6f139d5883ff51362042d8cb65cf6","js"
"backend/services/order-service/node_modules/readable-stream/lib/internal/streams/async_iterator.js","6468","56a7dde0d36ee9f55032df01e78229602c6afed6b6915362f33dc65bc0359972","js"
"backend/services/order-service/node_modules/readable-stream/lib/internal/streams/buffer_list.js","6905","15b266db6ad5c6ee0309d13ed4ce137d8974d2fd236c1af7f3d602b7028a90df","js"
"backend/services/order-service/node_modules/readable-stream/lib/internal/streams/destroy.js","3109","e1c1a185a2cc4bee2be5e7d33b5e294eb0fb55c1a47b61853a8c43e50cb822a4","js"
"backend/services/order-service/node_modules/readable-stream/lib/internal/streams/end-of-stream.js","3084","2c35cabc9b279cb81e73d0d14859b2056ea10d9688d16a12199d2ca9904b93ae","js"
"backend/services/order-service/node_modules/readable-stream/lib/internal/streams/from-browser.js","101","4b4404c7bd6f66a2175cb7a29c60ce4395c055775ec45eaa35af4357656f604f","js"
"backend/services/order-service/node_modules/readable-stream/lib/internal/streams/from.js","3668","b7b5815f476b47a23d094ecfa4f1c53beca69d4f5a42ed452d133b79a1bf28ae","js"
"backend/services/order-service/node_modules/readable-stream/lib/internal/streams/pipeline.js","2416","6d51b72e1ae5ee0965f0f549e27ececdb4963605995ffad8b698d5359a9999c2","js"
"backend/services/order-service/node_modules/readable-stream/lib/internal/streams/state.js","745","bf9c5ce1ccde2131d474422bef258dc968d6d19ccac72f9b178e8246faf0c9ed","js"
"backend/services/order-service/node_modules/readable-stream/lib/internal/streams/stream-browser.js","49","72d46a15491627d8fb1489a47d03583cfe5c21902918016ab532b53e615e5a9a","js"
"backend/services/order-service/node_modules/readable-stream/lib/internal/streams/stream.js","36","1e7903927df33aadb3659ecce55266c9c851da65ce6c8b723a60a305c1c5422c","js"
"backend/services/order-service/node_modules/resolve-from/index.js","1125","a27895806ca2ce5784959136e0401139fcbe9f7f7c1bf3ef56a3e5b344e5e15b","js"
"backend/services/order-service/node_modules/resolve-from/license","1109","48da2f39e100d4085767e94966b43f4fa95ff6a0698fba57ed460914e35f94a0","unknown"
"backend/services/order-service/node_modules/resolve-from/package.json","569","dd5b0fa6d310443ccf3e93e9eb6277bd7004c18f5263ca2ac2ebf52f3708f39f","json"
"backend/services/order-service/node_modules/resolve-from/readme.md","1838","26b4cac0452dc72b749fbc6fc8b3ae8f23bc2f41a22cc5be7eb0813ffb30d206","md"
"backend/services/order-service/node_modules/resolve-pkg-maps/LICENSE","1089","10c904a49af44409b073532e45a53fd4df19bdf26eaf9afc7917258c2b354382","unknown"
"backend/services/order-service/node_modules/resolve-pkg-maps/package.json","951","e372f809865bc3fc6ad75be76a90b031eece36e9d12d283de9955aca6be8537d","json"
"backend/services/order-service/node_modules/resolve-pkg-maps/README.md","7773","cb82232c87083b5f5afc2a4b4ed80b6dc3680ee443d1d52b16be8523283c2dc4","md"
"backend/services/order-service/node_modules/resolve-pkg-maps/dist/index.cjs","2150","dc0ffaba25e180745bb1ce1622be094bbc97d07dc275c52413eb546580d9ff49","cjs"
"backend/services/order-service/node_modules/resolve-pkg-maps/dist/index.d.cts","497","f21fca4c17af045586afdcd64c029379b52374b28f7a0bdebf04abffe708c1a2","cts"
"backend/services/order-service/node_modules/resolve-pkg-maps/dist/index.d.mts","497","f21fca4c17af045586afdcd64c029379b52374b28f7a0bdebf04abffe708c1a2","mts"
"backend/services/order-service/node_modules/resolve-pkg-maps/dist/index.mjs","2080","5472eb24afa47c614e7edaccb0ccb4c6259f897d875c27057ee00b7c2cdc3672","mjs"
"backend/services/order-service/node_modules/reusify/eslint.config.js","196","6b1bca4a90543a6141a5f7e9155fd71b604c5d001499d7989dcab1a843f95390","js"
"backend/services/order-service/node_modules/reusify/LICENSE","1087","93a1506953b08ad4874e1cc0971a1d2ac387ca510da91e4d05e460a6c4966fa3","unknown"
"backend/services/order-service/node_modules/reusify/package.json","1074","db69497e33cebb1296cd68a9202cc4df7b8d1dc895a423f2153e8c157068aa76","json"
"backend/services/order-service/node_modules/reusify/README.md","3242","9df9fd0cfd741abe908f78cd5244053c86f058292c758bce8f45b70d7be51c74","md"
"backend/services/order-service/node_modules/reusify/reusify.d.ts","212","9a40a92351b3725ab12d9117b87b1462f20871bffb8329e83a8ea3f54114dcab","ts"
"backend/services/order-service/node_modules/reusify/reusify.js","454","00894a3dd7016e3751560569cc791c15c2e0607c35a91bd3398dab675026fcf3","js"
"backend/services/order-service/node_modules/reusify/SECURITY.md","455","d0614fe0e0f9034c8a695ffffe13a4cd606473173e4cf7a4d030dd980fe40748","md"
"backend/services/order-service/node_modules/reusify/test.js","1440","3ea47b07caf2b1cdfbbaf5244b343755bd0eb1d6ed2e0efd7a1506fc5eb99ff7","js"
"backend/services/order-service/node_modules/reusify/tsconfig.json","156","7d6301f32f20b37b84c0bfbd3216af64f90193b0e2bac5e8eac140e9db5a40ef","json"
"backend/services/order-service/node_modules/reusify/.github/dependabot.yml","125","9e1294283e17484923d2fb39ede6c43d9139e28bce79c986f79bc231b1ded6bc","yml"
"backend/services/order-service/node_modules/reusify/.github/workflows/ci.yml","1775","2518554c9d38a88c89d09c005367745909dc55db127560856cb044abbe698117","yml"
"backend/services/order-service/node_modules/reusify/benchmarks/createNoCodeFunction.js","590","970ce8755038592027209ac3b94c71f70c7640ca43372de4748b9332d278ac07","js"
"backend/services/order-service/node_modules/reusify/benchmarks/fib.js","177","efe22b4adfc705e416cf42df734009d8a8792723ef2b1462edad0f21bdf0c285","js"
"backend/services/order-service/node_modules/reusify/benchmarks/reuseNoCodeFunction.js","713","1a04480ba58a36764cbf746b63dea403a3a978efeea1cfd6ad301f3508884e0c","js"
"backend/services/order-service/node_modules/rimraf/bin.js","1878","31a25b2763aa83ea17f4191982c863681739bed548a910f547257fd495641495","js"
"backend/services/order-service/node_modules/rimraf/CHANGELOG.md","1489","57d59f242e590f885e5c26e92962e305c77742a45f5489db0b8856b519b19d8e","md"
"backend/services/order-service/node_modules/rimraf/LICENSE","765","4ec3d4c66cd87f5c8d8ad911b10f99bf27cb00cdfcff82621956e379186b016b","unknown"
"backend/services/order-service/node_modules/rimraf/package.json","729","fea6f9125ca35f3d20946205be39fb3758b21b5af44f75910799573bd1230d4c","json"
"backend/services/order-service/node_modules/rimraf/README.md","3600","5813eb0ba88550585a8a0f50aac5182303aa911737a4409b4f0ace422be8485d","md"
"backend/services/order-service/node_modules/rimraf/rimraf.js","8866","c9db3ffef2ac43cd93b4284147cdd4bfb264eec0ad1a3e69109bc0371b128ee7","js"
"backend/services/order-service/node_modules/run-parallel/index.js","1034","acbc9a16809467da8f06757d4600be6466b20bf4a05e55c157fa04830fb186b7","js"
"backend/services/order-service/node_modules/run-parallel/LICENSE","1081","d4c2065e2b936e62a4eb400efb4576edec9ca1388a9f78aa288e147275e7bc8b","unknown"
"backend/services/order-service/node_modules/run-parallel/package.json","1291","a45d96ac517ff7b6612a6e9961b66fc3e6d74adb1eeba5242ae0d36f77a35b58","json"
"backend/services/order-service/node_modules/run-parallel/README.md","3157","bca81459fb9b439212ef41863e85255df476c688f93a9e2f204f8198f7269a96","md"
"backend/services/order-service/node_modules/safe-buffer/index.d.ts","8738","5e379df3d61561c2ed7789b5995b9ba2143bbba21a905e2381e16efe7d1fa424","ts"
"backend/services/order-service/node_modules/safe-buffer/index.js","1670","184d5c4a83512e3f49d4d5b52f7073f601f933bad11f1fbb3ad364ca5e6478e1","js"
"backend/services/order-service/node_modules/safe-buffer/LICENSE","1081","c7cc929b57080f4b9d0c6cf57669f0463fc5b39906344dfc8d3bc43426b30eac","unknown"
"backend/services/order-service/node_modules/safe-buffer/package.json","1057","e4018fdbfe625433371f48274fee26f520bbe865e0d8c85bf3aa07424134b90c","json"
"backend/services/order-service/node_modules/safe-buffer/README.md","19555","d301a850808775718ddb510d4bf2a922d9b0afa72894e67137daa20fbeafac05","md"
"backend/services/order-service/node_modules/safe-stable-stringify/index.d.ts","1086","2b5643107a3a34ea069a617b58b9597b529290fe026eb72199b2f8c7cb795b5b","ts"
"backend/services/order-service/node_modules/safe-stable-stringify/index.js","19873","6bb8e5b4f85434d535c229a723c96ff5b51ad3a4b63c0ed4e55986ac82450032","js"
"backend/services/order-service/node_modules/safe-stable-stringify/LICENSE","1079","3a6d6de49d284a36c5d271ef0e62eca1838cc460dd7630e3f2c347c8f5b2232a","unknown"
"backend/services/order-service/node_modules/safe-stable-stringify/package.json","1716","797e552ecb0f8ffe8ffb714e6c4888b28a8ca39eb9c0040836b2b6f640037798","json"
"backend/services/order-service/node_modules/safe-stable-stringify/readme.md","6649","318cd20899ca29384bb59222be997b901465b4a612afd74eeaa3980956656195","md"
"backend/services/order-service/node_modules/safe-stable-stringify/esm/package.json","47","02a32870fc97c718d722c6925f628dc860563bda3cc655af6d763d62b980c7c1","json"
"backend/services/order-service/node_modules/safe-stable-stringify/esm/wrapper.d.ts","94","8cf8da8c54718724cceda07a3eb06c9b82d75065f28a439d732903a5d68a8ab6","ts"
"backend/services/order-service/node_modules/safe-stable-stringify/esm/wrapper.js","143","497ce6b94e35692658a0d41b9300c3f5eaf8d4d8b543025b021e191fd24087d8","js"
"backend/services/order-service/node_modules/safer-buffer/dangerous.js","1483","1dc2900bcc8ffc375af0d2fc99a03ecad2dcbb85d278fbf26982e87707bea53f","js"
"backend/services/order-service/node_modules/safer-buffer/LICENSE","1094","4bc935e71be198c67ddf3c2b5fddb195f6edc182bfc155a96a6db61b44b494b9","unknown"
"backend/services/order-service/node_modules/safer-buffer/package.json","822","4247a3a63c45a6a7ced1557fe4dd9d2a163af4915d594b95e5867b69a53edb52","json"
"backend/services/order-service/node_modules/safer-buffer/Porting-Buffer.md","12794","134523d05b39e177135c2a2070a426eb319657dfc77589e38ef7cf13cd50e730","md"
"backend/services/order-service/node_modules/safer-buffer/Readme.md","8261","d4331b7c5af9c02161150daf9451ee6bc7a73ece3ec0312603fae09f46a817d8","md"
"backend/services/order-service/node_modules/safer-buffer/safer.js","2110","37f9716144105051ab302f6a0c30a52ff5de7269b9e1173ac22be798fc11ccad","js"
"backend/services/order-service/node_modules/safer-buffer/tests.js","15735","511906fdf6a233c84a9216065d1701dbfd84f380fbd495ae1cf5a002370b9885","js"
"backend/services/order-service/node_modules/send/HISTORY.md","13594","463df370716ae60580efadda501fdeb088bd3c426de64f318ba9f0e33b85ef5c","md"
"backend/services/order-service/node_modules/send/index.js","23455","614d9bdd1944cc51663785b0e74c245296830f014a6f8c6c48cdc6a26b56c01e","js"
"backend/services/order-service/node_modules/send/LICENSE","1128","25a328069fe771f8ed5b6f983ed4b0e6c84b3312ac0f69b28c3d52dc277962c9","unknown"
"backend/services/order-service/node_modules/send/package.json","1575","2d511afc0dc9965be1f1a5b4b7966cad2e02b95be6e5ff962baabebc12739385","json"
"backend/services/order-service/node_modules/send/README.md","9476","08f465b588af742601818744e54a68927a3f76c0ac831520c411c1c82334ba11","md"
"backend/services/order-service/node_modules/send/SECURITY.md","1170","9e6289faf7a1bdb454335b2234d188c178c6fd932d1533326170ed62d157663e","md"
"backend/services/order-service/node_modules/send/node_modules/debug/.coveralls.yml","46","64e6b64f19837a76c30865579aabdde1a825729ae0204ba73ba6de77296ce18e","yml"
"backend/services/order-service/node_modules/send/node_modules/debug/.eslintrc","180","7b7d5a5736dddae0e7cf1c06cdf41ddd9f98e73db8f57a18fe4c9bd0f52f9aa3","eslintrc"
"backend/services/order-service/node_modules/send/node_modules/debug/.npmignore","72","f4580152a6f48954b44cb2a0a002fa500467663db5a6dc8e796b52533dc04ec1","npmignore"
"backend/services/order-service/node_modules/send/node_modules/debug/.travis.yml","140","839e44ee0a96a3e302dc6472800b51822982b77d08f19200ab2cc70534781fd8","yml"
"backend/services/order-service/node_modules/send/node_modules/debug/CHANGELOG.md","11707","d8c1b0717964e189010b13521379c3b970eecc889cb8b788ac21d8dd85247165","md"
"backend/services/order-service/node_modules/send/node_modules/debug/component.json","321","2e5ab9ae90f41699e00d00fca16765024f437300a0568c2208669cc281ba7656","json"
"backend/services/order-service/node_modules/send/node_modules/debug/karma.conf.js","1736","2430869adb61a5e24a3612110a9b49a948e6db43ab7e947c003a9c19c478e609","js"
"backend/services/order-service/node_modules/send/node_modules/debug/LICENSE","1107","98c970de440dcfc77471610aec2377c9d9b0db2b3be6d1add524a586e1d7f422","unknown"
"backend/services/order-service/node_modules/send/node_modules/debug/Makefile","1059","f6466507e02c62f14e477af08e4a13ec883152b54d87feeffb8f0d6de6e9013b","unknown"
"backend/services/order-service/node_modules/send/node_modules/debug/node.js","40","996b381f353555cb172ebb2802bb2a7323442ff67b7b530cc26834058d7f31a2","js"
"backend/services/order-service/node_modules/send/node_modules/debug/package.json","1138","6c3d2c892db282317913ce7c340dd2edccd326bcafd18b644b8738144967d6ee","json"
"backend/services/order-service/node_modules/send/node_modules/debug/README.md","17918","cda3dbd285a2b65894758565a565e7bc2e7c3696225af7b5bd01454240df0aea","md"
"backend/services/order-service/node_modules/send/node_modules/debug/node_modules/ms/index.js","2764","4bd92209cb9dacf3e3773e725acb7aaec43ea9e78540324e4d0f73e5ce9adef7","js"
"backend/services/order-service/node_modules/send/node_modules/debug/node_modules/ms/license.md","1077","6652830c2607c722b66f1b57de15877ab8fc5dca406cc5b335afeb365d0f32c1","md"
"backend/services/order-service/node_modules/send/node_modules/debug/node_modules/ms/package.json","704","30fbfaa3840b2f63978ad4bcd7ed8dc24d277b818e4755fe93eda8cb1bc8b74c","json"
"backend/services/order-service/node_modules/send/node_modules/debug/node_modules/ms/readme.md","1721","c9ac67ff103c01871b0ff09e2f094631991908c1fd0dc08bdb53287e5a760ae5","md"
"backend/services/order-service/node_modules/send/node_modules/debug/src/browser.js","4734","0144ab6a52b9330c567de11a5c3a4aea35cdac47a4c106482aa24ae8054cdc6f","js"
"backend/services/order-service/node_modules/send/node_modules/debug/src/debug.js","4394","d8d1c1d6c387ab67c3f28d78fd0b20b9becd69442db9d3efe110ca464b509c8a","js"
"backend/services/order-service/node_modules/send/node_modules/debug/src/index.js","263","9a34fedeb2d269c46ed94e6f13039eb0d16d866dd460ec66fa3acd78122fa9fe","js"
"backend/services/order-service/node_modules/send/node_modules/debug/src/inspector-log.js","373","949ae67ec1b655694f83dce57d47d9d77234f9e7d698616932a90e69c7afee91","js"
"backend/services/order-service/node_modules/send/node_modules/debug/src/node.js","6015","a3e83594a4ce88997e2e4fc66bc942b17b9d736290ad62560c7f09d6d0989ad0","js"
"backend/services/order-service/node_modules/serve-static/HISTORY.md","10854","17f82b384b4d8bcbe89c30ecf02e4b9792e9db26bdcb4b60ee6aed1daf2006a7","md"
"backend/services/order-service/node_modules/serve-static/index.js","4521","afb15d01393122d7811a8838209c66de89820e069c414a7c83c93861b531de73","js"
"backend/services/order-service/node_modules/serve-static/LICENSE","1189","63b9a188d7d43e64b0558b7115255045b9fe20a5fc3ff483421cb899e7f52bcb","unknown"
"backend/services/order-service/node_modules/serve-static/package.json","1142","068fbb0738f4eb2f8ea6ad2f9757ef060d0b79e7990bb9c3dc5ead72a0e3b1f8","json"
"backend/services/order-service/node_modules/serve-static/README.md","7812","7c2479f5a6b23ae5c27a5383969788c19d2f3c36839f5691cf2c0ce27b54cd68","md"
"backend/services/order-service/node_modules/setprototypeof/index.d.ts","93","594108e052a71fbabf137a1139736186af6e437a255705e99f8c666f4d2af4c4","ts"
"backend/services/order-service/node_modules/setprototypeof/index.js","407","3e3495ca7ae72a7f0ca459f47dd3d97ae3a48fa4b1a669a31672be778cc97a5f","js"
"backend/services/order-service/node_modules/setprototypeof/LICENSE","727","76d6d1ea0c268da37dd3c961b4fcfb23dee8417fff9e8786d4d44c585b781b69","unknown"
"backend/services/order-service/node_modules/setprototypeof/package.json","1264","5b39ddf23d2c12a751cb4af2ce12dd5c87314350be7526fff69b4a3ff2a2d538","json"
"backend/services/order-service/node_modules/setprototypeof/README.md","844","5ac2886221898d2e967df16753e4d64367957261d362fadd1817a9c80b1a6918","md"
"backend/services/order-service/node_modules/setprototypeof/test/index.js","690","44bed5fcccb6c8f6cd92ff4bc034005b9d46ba560c572979944772555d4f2585","js"
"backend/services/order-service/node_modules/shebang-command/index.js","387","d98c3aa373c72016e990a723e919af495423bc4ac1daa0736c5f45fac0418d7f","js"
"backend/services/order-service/node_modules/shebang-command/license","1116","69dee148a2cc470554dfa7142e830662062394d0fe67cddd379aba90dc60d6b3","unknown"
"backend/services/order-service/node_modules/shebang-command/package.json","558","44de390ae5ed6c5f9758b8b9c90b93fa53977d5361731600429f1de08f4b3f30","json"
"backend/services/order-service/node_modules/shebang-command/readme.md","495","7918385f0c22cac3aeae9bcebdc589649f3cd4b62ce087afd60ee35ce6f5b6f8","md"
"backend/services/order-service/node_modules/shebang-regex/index.d.ts","446","74ea646f59f36406d55ea5f8438878d3cd6ee96d2b19c239ff0301e8d1ab80ab","ts"
"backend/services/order-service/node_modules/shebang-regex/index.js","42","e91e547bad596a389841fd7938bfcbd22af82f44a01f794e86878e4ff0274250","js"
"backend/services/order-service/node_modules/shebang-regex/license","1109","48da2f39e100d4085767e94966b43f4fa95ff6a0698fba57ed460914e35f94a0","unknown"
"backend/services/order-service/node_modules/shebang-regex/package.json","582","b8018c6b8cc9900dfd1ac18a54956ba34c453fdc2da5e5fe555ee8f04133a1c5","json"
"backend/services/order-service/node_modules/shebang-regex/readme.md","649","e2a766922c93592759da2f6982d4eac586c2578e1dba11e120b244bb2764a848","md"
"backend/services/order-service/node_modules/side-channel/.editorconfig","145","f3e9230a5e411831564b0a83313248a7455929098f389c5bc07e8241a754d3fd","editorconfig"
"backend/services/order-service/node_modules/side-channel/.eslintrc","203","9e6424ea116f1edba0e876b422bc162db44411cab9e2af08e0aef08dee6206f6","eslintrc"
"backend/services/order-service/node_modules/side-channel/.nycrc","216","948366fea3b423a46366326d0bb2e54b08abd1cf0b243678ba6625740c40da5a","nycrc"
"backend/services/order-service/node_modules/side-channel/CHANGELOG.md","10450","48c48334341dfd830d9cbb060591f8015f41e7c00e2bad907edd4a0ba682e089","md"
"backend/services/order-service/node_modules/side-channel/index.d.ts","486","e27c6849e299f3e12a16851403375a7c22ee8aab206dc73bd63558f272f03695","ts"
"backend/services/order-service/node_modules/side-channel/index.js","1189","45a9ec5871c2dbb0736bb3caed2856210cf8dc0b5bb767f75d496e997960478a","js"
"backend/services/order-service/node_modules/side-channel/LICENSE","1071","cfc3f455254c0af0655cc3ff46a41ed644b67599f6043346169d285bf2b3cf3b","unknown"
"backend/services/order-service/node_modules/side-channel/package.json","2361","b33b18efda612f3149f2e5102b305cb77bc5067eae372fb1c83f74c263b5b18e","json"
"backend/services/order-service/node_modules/side-channel/README.md","2152","20cae53f1e21b23a55f0985ed7530d0d640811d535edba3246940927346fabba","md"
"backend/services/order-service/node_modules/side-channel/tsconfig.json","116","6346ee4c020f341387588479dd83740a65ab902a462b8c6b3b8bf51f032c6795","json"
"backend/services/order-service/node_modules/side-channel/.github/FUNDING.yml","583","1bae2dd6cba2f64d3780a4d3136eed2ed80b17888b0f2f169b90b65532ef1a4e","yml"
"backend/services/order-service/node_modules/side-channel/test/index.js","2573","dbb585b555c9ef9e5eb764037cf04aef66c499c7eb0f15f3a1b1ce601a0f4b0c","js"
"backend/services/order-service/node_modules/side-channel-list/.editorconfig","145","f3e9230a5e411831564b0a83313248a7455929098f389c5bc07e8241a754d3fd","editorconfig"
"backend/services/order-service/node_modules/side-channel-list/.eslintrc","185","7a1a04ff516aa6b2905885fe15f4f57858ea1703c92456daed9763fa7b4ea7c6","eslintrc"
"backend/services/order-service/node_modules/side-channel-list/.nycrc","216","948366fea3b423a46366326d0bb2e54b08abd1cf0b243678ba6625740c40da5a","nycrc"
"backend/services/order-service/node_modules/side-channel-list/CHANGELOG.md","818","c48089b3f8cd745fcb44673ba4f2dd2700d950065051288299643f13c229c5ba","md"
"backend/services/order-service/node_modules/side-channel-list/index.d.ts","335","ce9c6608168c202a45b47380f94f2f1ff94a9655ffef750a080d61bcfcfeaf09","ts"
"backend/services/order-service/node_modules/side-channel-list/index.js","3391","ce74df8c87b6659edbbc68809f4ddb7a61a49ded3e248d49170d8cf3b55ad039","js"
"backend/services/order-service/node_modules/side-channel-list/LICENSE","1071","5e325595b4ea8cfec3802f545b1def5d7b73e4a5b8e9ba63e32a320f67732292","unknown"
"backend/services/order-service/node_modules/side-channel-list/list.d.ts","721","735b18d2a598216cd2ca487c8fc869e27becedb806c7c5c2cace13264881e877","ts"
"backend/services/order-service/node_modules/side-channel-list/package.json","2257","48b25a94e64980d573699ad6f5128ac8c521e908884a41a3835e97ef529ed584","json"
"backend/services/order-service/node_modules/side-channel-list/README.md","2285","3627a589d762bb9d327dad5810d0e9dbf051f6753ac5bb09ab057d1eacb14c52","md"
"backend/services/order-service/node_modules/side-channel-list/tsconfig.json","116","6346ee4c020f341387588479dd83740a65ab902a462b8c6b3b8bf51f032c6795","json"
"backend/services/order-service/node_modules/side-channel-list/.github/FUNDING.yml","588","2b7392342ca20befcd193818b07b2b47fd9ade136c40c7f2a8b4528eba56b49e","yml"
"backend/services/order-service/node_modules/side-channel-list/test/index.js","2613","02598a0656aca0e83007541847d4bc8748d0a4b0d2ff0cadf88f46c953847f68","js"
"backend/services/order-service/node_modules/side-channel-map/.editorconfig","145","f3e9230a5e411831564b0a83313248a7455929098f389c5bc07e8241a754d3fd","editorconfig"
"backend/services/order-service/node_modules/side-channel-map/.eslintrc","185","7a1a04ff516aa6b2905885fe15f4f57858ea1703c92456daed9763fa7b4ea7c6","eslintrc"
"backend/services/order-service/node_modules/side-channel-map/.nycrc","216","948366fea3b423a46366326d0bb2e54b08abd1cf0b243678ba6625740c40da5a","nycrc"
"backend/services/order-service/node_modules/side-channel-map/CHANGELOG.md","1191","a622f46bc8b5c72aab3481f9ebba944dab49a60fd6a9e48e774023c4f9317aaf","md"
"backend/services/order-service/node_modules/side-channel-map/index.d.ts","367","c3adf1625f5493cef67613c35046d8aa60bf591a205fe044f05321c1020c9065","ts"
"backend/services/order-service/node_modules/side-channel-map/index.js","1981","0d3a0ec34cd376a23fa4a2a159913f527f990b5541fbd513212615e910ae2ba7","js"
"backend/services/order-service/node_modules/side-channel-map/LICENSE","1071","5e325595b4ea8cfec3802f545b1def5d7b73e4a5b8e9ba63e32a320f67732292","unknown"
"backend/services/order-service/node_modules/side-channel-map/package.json","2336","914a8bd732b82523d95bb697eec3e6d95badc5eb13b196fb0772e59354a3ab25","json"
"backend/services/order-service/node_modules/side-channel-map/README.md","2278","f5a7086db928685f10c51cb0c5970525aaf38ce3835153f31b22801edf7ad663","md"
"backend/services/order-service/node_modules/side-channel-map/tsconfig.json","116","6346ee4c020f341387588479dd83740a65ab902a462b8c6b3b8bf51f032c6795","json"
"backend/services/order-service/node_modules/side-channel-map/.github/FUNDING.yml","587","85660691d4145ea3a89471a216f2ce892abe35348e162fd1fc903fb64c6f9c6d","yml"
"backend/services/order-service/node_modules/side-channel-map/test/index.js","2875","d752ad1cbe1d6c2aa97e197e4f4a2f8fc978bfe3ace7f1e1cf5ef2b21e08eebe","js"
"backend/services/order-service/node_modules/side-channel-weakmap/.editorconfig","145","f3e9230a5e411831564b0a83313248a7455929098f389c5bc07e8241a754d3fd","editorconfig"
"backend/services/order-service/node_modules/side-channel-weakmap/.eslintrc","203","9e6424ea116f1edba0e876b422bc162db44411cab9e2af08e0aef08dee6206f6","eslintrc"
"backend/services/order-service/node_modules/side-channel-weakmap/.nycrc","216","948366fea3b423a46366326d0bb2e54b08abd1cf0b243678ba6625740c40da5a","nycrc"
"backend/services/order-service/node_modules/side-channel-weakmap/CHANGELOG.md","1477","c8fe52550510be7e9b494ce75c4b7ede67a930aacb6e4258079360a553dd31ae","md"
"backend/services/order-service/node_modules/side-channel-weakmap/index.d.ts","382","cddaf669dde1c7291f8d768d36fd40dbd6b5fec23b4562467c15baa3e1dbccb4","ts"
"backend/services/order-service/node_modules/side-channel-weakmap/index.js","2708","4421d4533c6e1585d01da3ad592c53dd427b0367f81474c59590b6153f119010","js"
"backend/services/order-service/node_modules/side-channel-weakmap/LICENSE","1071","cfc3f455254c0af0655cc3ff46a41ed644b67599f6043346169d285bf2b3cf3b","unknown"
"backend/services/order-service/node_modules/side-channel-weakmap/package.json","2447","8c11f0a1c6cfa549588d991a5cb1b04d62953277ed29f47463d415d5946388a8","json"
"backend/services/order-service/node_modules/side-channel-weakmap/README.md","2342","5c111085145d73c9151051dc7eadbb6e6cf8a30614ee013a290bba5b38b40078","md"
"backend/services/order-service/node_modules/side-channel-weakmap/tsconfig.json","116","6346ee4c020f341387588479dd83740a65ab902a462b8c6b3b8bf51f032c6795","json"
"backend/services/order-service/node_modules/side-channel-weakmap/.github/FUNDING.yml","591","d671a997a7bd387e3cb62cd1e84b7fee6eaa67f5c34236254ca63436c43a28db","yml"
"backend/services/order-service/node_modules/side-channel-weakmap/test/index.js","2969","7c14a6142447dee78e56e06b230b055845bb3a005b8e2e12974859c35d39cd7b","js"
"backend/services/order-service/node_modules/stack-trace/.npmignore","5","a963eca407ca32675dbaeeff3ab8391db935047656eb64c45308e2d0c2e0df0d","npmignore"
"backend/services/order-service/node_modules/stack-trace/License","1101","c5ece09265dbd6335030832335dec72919b9ecfd4db126cb9bb9b8d023970304","unknown"
"backend/services/order-service/node_modules/stack-trace/Makefile","108","1198d929eb419c98480f89727e0266e2c643e5bbec336e70046c1333732dc9b9","unknown"
"backend/services/order-service/node_modules/stack-trace/package.json","559","9d4ebf4546836593d64b8627bab4f12100a33e39810cec6e175f3e71f0825c16","json"
"backend/services/order-service/node_modules/stack-trace/Readme.md","3690","2bb5ef30e98619a107985f32afda56a2d25de619a3e5b215ecd730348f041cce","md"
"backend/services/order-service/node_modules/stack-trace/lib/stack-trace.js","3385","7a6445bf26f3bfa57e3102df1861f3124a3b80558b3de8e4a3f06cd19b471f98","js"
"backend/services/order-service/node_modules/statuses/codes.json","1789","d2daa083f11600277bd2bf9823bb48ede916a5b0924d2991d6bc4ce331d5604b","json"
"backend/services/order-service/node_modules/statuses/HISTORY.md","1628","17ed5dffdb701302299988d379d0583b2948e2bd61f8a34e676671d03551b41e","md"
"backend/services/order-service/node_modules/statuses/index.js","2610","96a0698e899f5889cf254d1f2e351f3253a37921c7f87269b0e87a497dec666a","js"
"backend/services/order-service/node_modules/statuses/LICENSE","1172","512cfa4d5e7a7569c7ae4dd95241cb6ae2aaf648ef9ebd080c01bd24868d26e9","unknown"
"backend/services/order-service/node_modules/statuses/package.json","1440","dc2508da5568ba768d94b73126cd20a5df934bc0c651ad681022236484ca156c","json"
"backend/services/order-service/node_modules/statuses/README.md","3866","a493c63a52726e1b35e8595482c63900fd233fe24a21393d96f02c0de2a988f4","md"
"backend/services/order-service/node_modules/string_decoder/LICENSE","2338","11f2aafb37d06b3ee5bdaf06e9811141d0da05263c316f3d627f45c20d43261b","unknown"
"backend/services/order-service/node_modules/string_decoder/package.json","823","31984c85cd4f3df0aa75075acdec98c25961496897d1f46d04ed4a701f129c54","json"
"backend/services/order-service/node_modules/string_decoder/README.md","1801","64417fec74bed1e4160c792189c85e6f37f4232a179e2beb04f32d80df76c4cf","md"
"backend/services/order-service/node_modules/string_decoder/lib/string_decoder.js","9465","f1d36d47b2c579063392c1a68963467f2d4f51a069af09eb068d974c63ee3b37","js"
"backend/services/order-service/node_modules/strip-ansi/index.d.ts","369","4b0f7f88fc46a672cb59eeb2782af271c203600d602f57a717ef07f96092caf8","ts"
"backend/services/order-service/node_modules/strip-ansi/index.js","154","bf37cd692bf030c2ec270945bc26aa8b19ad379fa5916f12304758f709ab0978","js"
"backend/services/order-service/node_modules/strip-ansi/license","1109","48da2f39e100d4085767e94966b43f4fa95ff6a0698fba57ed460914e35f94a0","unknown"
"backend/services/order-service/node_modules/strip-ansi/package.json","798","0130850b9da0584f54cc20d3dab6365c807e9436ac78e016d5009efa99bd0530","json"
"backend/services/order-service/node_modules/strip-ansi/readme.md","1599","cb384db30337ecec75919b4c69aab67358b4f4e384406956687894b6d777413b","md"
"backend/services/order-service/node_modules/strip-json-comments/index.d.ts","807","86f29585ea328bb5877ed912a4f064f772fa3f20a7ccc0f63b8ae48e333769b1","ts"
"backend/services/order-service/node_modules/strip-json-comments/index.js","2219","ecdf1fe892b9e2373a30f230c3701fb005a89821c59527438e705e5efa3d447f","js"
"backend/services/order-service/node_modules/strip-json-comments/license","1117","5c932d88256b4ab958f64a856fa48e8bd1f55bc1d96b8149c65689e0c61789d3","unknown"
"backend/services/order-service/node_modules/strip-json-comments/package.json","855","92b83192db22eb46049920e4b750555193d10eafe609cf2adc4f14125c951ed4","json"
"backend/services/order-service/node_modules/strip-json-comments/readme.md","1961","0bdbc4063db0dfbd60d8b47c931a37bfa8bbdd1caa86842ba5ea43896c4a0f8f","md"
"backend/services/order-service/node_modules/supports-color/browser.js","67","03b3defae5a0801f91bc78f5f3ff2b13dec13df4cef4c0a94554b2d1183da1d1","js"
"backend/services/order-service/node_modules/supports-color/index.js","2748","479fd04f71a0fed642baa7e57c7e0701ae6f4a450bde8179f96815e6a26752b0","js"
"backend/services/order-service/node_modules/supports-color/license","1109","48da2f39e100d4085767e94966b43f4fa95ff6a0698fba57ed460914e35f94a0","unknown"
"backend/services/order-service/node_modules/supports-color/package.json","817","d410a772f9f64b224482ec13815a4bbf1837c533e1be04b3687755c48b2efa1f","json"
"backend/services/order-service/node_modules/supports-color/readme.md","2294","baf9e8e934c7d2de2bb02516c8c75f23f7c23f7b5af794a96bccc0a14eb1c2c6","md"
"backend/services/order-service/node_modules/text-hex/index.js","477","be0719b18bf6b1760a793eb3e5c5cbade8cd4f4214c4cb9fa007849012133f6b","js"
"backend/services/order-service/node_modules/text-hex/LICENSE","1113","544fca830d3b5582e63459cdf81ba2c452aff3b3db6131bd15f46cbb66d3a13c","unknown"
"backend/services/order-service/node_modules/text-hex/package.json","640","84b96b962f6fa158dfb9d814778d0f8f1635c35d4ed0dd65fefc6afb30570eeb","json"
"backend/services/order-service/node_modules/text-hex/README.md","197","635078d308a107b8f540727cbb6937e34dfbb41dddb208d13b92f6a7376f9acb","md"
"backend/services/order-service/node_modules/text-hex/test.js","291","cd7417d060f3a05e6c2a0f4c96ed9be823ac33dbcfd2f35fd9077b26643ab81d","js"
"backend/services/order-service/node_modules/text-table/.travis.yml","48","9b9a2cce2d8b28843a1a10647f82300c8403ccde268df5b6abc6c349e5167b34","yml"
"backend/services/order-service/node_modules/text-table/index.js","2428","97fb9b1b0ce7d0794823fdee008d19d6814ffea282b19cd9bed37726a2542b34","js"
"backend/services/order-service/node_modules/text-table/LICENSE","1073","435a6722c786b0a56fbe7387028f1d9d3f3a2d0fb615bb8fee118727c3f59b7b","unknown"
"backend/services/order-service/node_modules/text-table/package.json","1033","2b410792046c1bf8bca05d26236cc1e301011ea67546b9c6a0416c417fa6d8b6","json"
"backend/services/order-service/node_modules/text-table/readme.markdown","2470","bd1c321dbe337560cb0343ce033c50c7949ef2cae882aa044e38e33f33478896","markdown"
"backend/services/order-service/node_modules/text-table/example/align.js","181","c3e67359ed961e576e796bfef03a815b1d81f289ec046b27e613d639408bee37","js"
"backend/services/order-service/node_modules/text-table/example/center.js","221","b840fe6b65d92f06665a57f4691ba14f615c41b5aeda9976dc3c2021af2dbd0e","js"
"backend/services/order-service/node_modules/text-table/example/dotalign.js","208","4445906cd73bcffc36c6ba36225dd896de9760164b7188779c262651d0502cc1","js"
"backend/services/order-service/node_modules/text-table/example/doubledot.js","206","f332b7f27092230b25634189df8fc093ea384fdf64fc9858ba36b23782add7e0","js"
"backend/services/order-service/node_modules/text-table/example/table.js","140","f70ef045ab0943b57bbd60bbb602486b0814dc1c5797987b6827e8a8bc3ffe56","js"
"backend/services/order-service/node_modules/text-table/test/align.js","393","977727d860d1287192eb868e023d9ea685ae683319b959b8433941d6d9ba57ce","js"
"backend/services/order-service/node_modules/text-table/test/ansi-colors.js","892","03e3f0e1ccde32120ea7bf575b3661901fae88b301ef7a9c4395879498925e47","js"
"backend/services/order-service/node_modules/text-table/test/center.js","466","9a78f9d770ca3ecce0b4fe5aad107350040b1e728dd206e98023f221b1563064","js"
"backend/services/order-service/node_modules/text-table/test/dotalign.js","453","a0c689af649d66bb25e5e5a4f4da8b7ebbc4456ac608854c21bb08152160526c","js"
"backend/services/order-service/node_modules/text-table/test/doubledot.js","476","6fae3de8a5f02d3640aa9690811c0442e299dbc382514b40662217a68620cf15","js"
"backend/services/order-service/node_modules/text-table/test/table.js","326","f1ecded7dbba6a7d4e015fd5dc1b7526d46fbfe9835ff878983666a2026c8fdf","js"
"backend/services/order-service/node_modules/toidentifier/HISTORY.md","128","4839c59f4e7364d7db5746d3f63fb54c0e81aa8b2c7dbd20009438d1d0864cf0","md"
"backend/services/order-service/node_modules/toidentifier/index.js","504","f9f26b0e90e2569b61d02ef2a92718624b8854592b1ede7f2c8879a69cfdba05","js"
"backend/services/order-service/node_modules/toidentifier/LICENSE","1108","a832d679750e49ab433626ab196350b89964b60eb0d3edd3341887c7d5f4c128","unknown"
"backend/services/order-service/node_modules/toidentifier/package.json","1142","f34c59f784d43da6e633390d85d14ca60539b4676159444f313c62fcfc3b68dc","json"
"backend/services/order-service/node_modules/toidentifier/README.md","1803","bbc5b74840438ec9d0d189c10c013c3e0ad9e0add6f09cb16034b8f693d73ff8","md"
"backend/services/order-service/node_modules/triple-beam/CHANGELOG.md","374","f476aa0f65115d0ca580dd04ab4687f80044fb2a8b123faa875ace25e5dd3780","md"
"backend/services/order-service/node_modules/triple-beam/index.js","1065","96ef37489ea31cfd50980777e22d4969223db12a5530fc8a0dcbc816a2c34376","js"
"backend/services/order-service/node_modules/triple-beam/LICENSE","1066","8774f6f7c9a92be674d3a2bc33c2781032bd932005fff4b9684f02ec2ea27649","unknown"
"backend/services/order-service/node_modules/triple-beam/package.json","1029","b7c3d5228846e6719feb034f1aa72f294f1804ef9cf1f3fd7e1659413b9b3950","json"
"backend/services/order-service/node_modules/triple-beam/README.md","689","f23aaa629af44e8748c4c99107d6914c408a01eae8bc1b6302d6107eebc8d0cc","md"
"backend/services/order-service/node_modules/triple-beam/.nyc_output/c579bf8f-6820-47a5-b2da-a11267eb8435.json","2657","f8788123d3e40ee99d29c3697357ded901a86f7d4cdd0fa83220c114c4215cf5","json"
"backend/services/order-service/node_modules/triple-beam/.nyc_output/processinfo/c579bf8f-6820-47a5-b2da-a11267eb8435.json","598","4b8159336738ea22ad36f0f9f6cd7e248087641b7aa59261696d15cf19415c9b","json"
"backend/services/order-service/node_modules/triple-beam/.nyc_output/processinfo/index.json","516","29ac48cc32050bfad0be19c62cff8b34e74d4644adfec246bc9fe3655411d4e5","json"
"backend/services/order-service/node_modules/triple-beam/config/cli.js","616","e091c039a75dbc3a7bd26dd00a14e23e4ff94272f8eaf70b529140280844ee92","js"
"backend/services/order-service/node_modules/triple-beam/config/index.js","538","c4a03f4aa6a50d53d7853dceb6f4c494c1655d88453940285874236f4f62ae44","js"
"backend/services/order-service/node_modules/triple-beam/config/npm.js","516","e752cf9b1b7b087cdc7503d594b48886658776bf0921942ca5daa6d1b46617ad","js"
"backend/services/order-service/node_modules/triple-beam/config/syslog.js","556","ab4a41dd252f2ba1ff671dfc7690cccbefce77e6f64bfa7d7b073c7235c911ce","js"
"backend/services/order-service/node_modules/tsx/LICENSE","1088","8dded67841a9261a622c739fb61c81785e93765de852828ceeb9403d20a74581","unknown"
"backend/services/order-service/node_modules/tsx/package.json","1624","6e764b21991c21595441f82387c1451ccd10a3e7a3f0973cc5e3649a12dea7d2","json"
"backend/services/order-service/node_modules/tsx/README.md","1375","bdc095a5be01c6f9e626b417ba025fa5e8dad669f081540f58e4ad9daede0971","md"
"backend/services/order-service/node_modules/tsx/dist/cli.cjs","120491","c2553d91855f764f54abd5959973fb2359028678eb3cf4e598b7babe0d404e46","cjs"
"backend/services/order-service/node_modules/tsx/dist/cli.mjs","120402","8729ecfb90d9d568939e4190e6f1d3317c946583b7d37a776e0c23a21c021cf8","mjs"
"backend/services/order-service/node_modules/tsx/dist/client-BQVF1NaW.mjs","500","334ad3dbfaf820eeb08dd2fa40750c8316e6f8a61311bdf99defd3c361fbece4","mjs"
"backend/services/order-service/node_modules/tsx/dist/client-D6NvIMSC.cjs","549","af10790d58385f62c205140c3f7c25dae26638c2961fa24eb958f888d8995a40","cjs"
"backend/services/order-service/node_modules/tsx/dist/get-pipe-path-BHW2eJdv.mjs","368","307483caa22c2406677b4bd513bf602b4de3986f3e23eac7724e99c0d7ddc8d6","mjs"
"backend/services/order-service/node_modules/tsx/dist/get-pipe-path-BoR10qr8.cjs","435","70a7fd0d550d1df1336946c504b36dcf97658a7c3328e02a69834ae0c4bfee91","cjs"
"backend/services/order-service/node_modules/tsx/dist/index-7AaEi15b.mjs","52247","47851348bc3bbc11413edd4bf44758b7a85e28419847583231d74a182b044e22","mjs"
"backend/services/order-service/node_modules/tsx/dist/index-BWFBUo6r.cjs","1181","fe29b97b254312970fceb8995a519abc8751f26972c221281959a7d77858a464","cjs"
"backend/services/order-service/node_modules/tsx/dist/index-gbaejti9.mjs","1058","76febbe946957c96066d1d59293c4a26fc874c05876394cf4c178e4f4d0b6ba8","mjs"
"backend/services/order-service/node_modules/tsx/dist/index-gckBtVBf.cjs","52353","49ad679be79684c7706ad7ca495f0afa7bfa361b354eb77e6389cf19df91c524","cjs"
"backend/services/order-service/node_modules/tsx/dist/lexer-DgIbo0BU.cjs","13507","9b92935847bf0f6daade96b21c8271139ed8b48ef3fa59647af0ef1d36770db0","cjs"
"backend/services/order-service/node_modules/tsx/dist/lexer-DQCqS3nf.mjs","13456","6b77bebaee2dd7741177e287a78ef4329d9ef91f6939d09cfcf0029b3859f883","mjs"
"backend/services/order-service/node_modules/tsx/dist/loader.cjs","1032","ff33128961cec9865a3c8ffb37f4edaecfd1ba960cc9a0a249f816594972dcf9","cjs"
"backend/services/order-service/node_modules/tsx/dist/loader.mjs","729","0b1c5b86192772fe9257710e739959cee5947c11ae1f93b61abfaa9b80c6def1","mjs"
"backend/services/order-service/node_modules/tsx/dist/node-features-roYmp9jK.cjs","628","18c0185390eec5bb60600ecb503a933673a77832bb93db3a258933f4ab051768","cjs"
"backend/services/order-service/node_modules/tsx/dist/node-features-_8ZFwP_x.mjs","526","dbf95f05cce9b129a9a89f33f43b7804ab641aa8b256e7cf64ad9f92b880cecc","mjs"
"backend/services/order-service/node_modules/tsx/dist/package-CeBgXWuR.mjs","31","81246f1169deb713dd5bae44fc39d68bd876395e99b6ce1560d4882e2dd70dd4","mjs"
"backend/services/order-service/node_modules/tsx/dist/package-Dxt5kIHw.cjs","47","a6f7dc15288c2e5dc03394061d16945e42190e43cb1cf6422a93d064c1fc1377","cjs"
"backend/services/order-service/node_modules/tsx/dist/patch-repl.cjs","506","33f5f6755270054783f4c568d0d48d4a79fecde965ec6f91ca27f0f949ba6da6","cjs"
"backend/services/order-service/node_modules/tsx/dist/patch-repl.mjs","496","3850acac507aa554620693d272bed6b7ac1e1b8ab5af406581c632522ad8c872","mjs"
"backend/services/order-service/node_modules/tsx/dist/preflight.cjs","1008","a088ad17ad4151c1a9f2ad7090fcdbc422fe26c8f4e5fdc53a489dcb0b21ae69","cjs"
"backend/services/order-service/node_modules/tsx/dist/preflight.mjs","973","cf384c149f11748fb8497b2118d58e21ea884ae2848e4b4c81298927f268c3bb","mjs"
"backend/services/order-service/node_modules/tsx/dist/register-2sWVXuRQ.cjs","1664","583b65c6caaec95e71e73fa65617c95162428aacd845394689f690b48a9328d5","cjs"
"backend/services/order-service/node_modules/tsx/dist/register-B7jrtLTO.mjs","1472","10184ddf4354bab38743d80a5844796f26ffc4589d2820781da90c6a67507aaf","mjs"
"backend/services/order-service/node_modules/tsx/dist/register-CFH5oNdT.mjs","7496","7c7d2d4f757a1a35610b483e0348aee2eb1140968631f4b2105c4b4ad9ffbf0a","mjs"
"backend/services/order-service/node_modules/tsx/dist/register-D46fvsV_.cjs","8003","7f0e410a859fadcc75a452160e69c860543f5e13e2321b934c0bc4e3d14c01f6","cjs"
"backend/services/order-service/node_modules/tsx/dist/repl.cjs","758","1dcdd7c363bbedd2f93062a838f5800651b9a432d91f081031bb2856faede47c","cjs"
"backend/services/order-service/node_modules/tsx/dist/repl.mjs","718","061e45ad7e989290e5ee79c6b36848d2a9dc818fd695b6387655e74380f7617b","mjs"
"backend/services/order-service/node_modules/tsx/dist/require-D4F1Lv60.cjs","524","468f626104c0572958b7944fbce075777efa2f4ef1577c9fa0c89499cb9e100b","cjs"
"backend/services/order-service/node_modules/tsx/dist/require-DQxpCAr4.mjs","465","dc1b6944ffaa8f4d70e5007116b9aeac77c1cdf80a62526763eab34a123fa902","mjs"
"backend/services/order-service/node_modules/tsx/dist/suppress-warnings.cjs","497","028063d20bd49083f03a0b1ed4f7a3d55fac1f64f5aca0e58e1ec61601f20ee7","cjs"
"backend/services/order-service/node_modules/tsx/dist/suppress-warnings.mjs","484","4c7d8eb24f7c16282453bc18d649c310028a63d3850e6590338932cdd896017f","mjs"
"backend/services/order-service/node_modules/tsx/dist/temporary-directory-B83uKxJF.cjs","166","da189099aba4a7aff1e0ca337cd71410a0f96abc66298403db041cb812cbd24c","cjs"
"backend/services/order-service/node_modules/tsx/dist/temporary-directory-CwHp0_NW.mjs","151","e0771b7d9b216d438ff2ade7494a7a3ac6202c66cb752f2cd99bffb3d78226fe","mjs"
"backend/services/order-service/node_modules/tsx/dist/types-Cxp8y2TL.d.ts","135","f462b6fc33bc3f82d1551ac0678834dfff89192ce1e848eb0bb8ca5bfe8bc76f","ts"
"backend/services/order-service/node_modules/tsx/dist/cjs/index.cjs","484","a6d966dff90f93d5a9cb22206d9a37f05eb3f66f004a07424bd96aebfeda9acf","cjs"
"backend/services/order-service/node_modules/tsx/dist/cjs/index.mjs","412","940bf50aae38d11425db038dfacd2102e469eca6b6e896879c927611e593f6cf","mjs"
"backend/services/order-service/node_modules/tsx/dist/cjs/api/index.cjs","586","b396a280df2ea1de64a7fa989db0d46cf1b90fc07f12e4dc5e57d5e5a99d4feb","cjs"
"backend/services/order-service/node_modules/tsx/dist/cjs/api/index.d.cts","1090","8c2b1a98cc24f9efb1d8705b3c3c1929d3a4f42273466da97df62c7b253eaeee","cts"
"backend/services/order-service/node_modules/tsx/dist/cjs/api/index.d.mts","1090","8c2b1a98cc24f9efb1d8705b3c3c1929d3a4f42273466da97df62c7b253eaeee","mts"
"backend/services/order-service/node_modules/tsx/dist/cjs/api/index.mjs","513","685c2a23306b7bba191e8f4f123382fa380fdcb2a58bbb1cc46a1f0a6d2255ff","mjs"
"backend/services/order-service/node_modules/tsx/dist/esm/index.cjs","7652","a95457ef5fea5e06d56c8bafbb96f4ce86c651fa0bfcc4ccb90b740f126f4863","cjs"
"backend/services/order-service/node_modules/tsx/dist/esm/index.mjs","7014","9fab711543eb155d50fb147f8984e104db348a73b74daee4e3974bec109aa381","mjs"
"backend/services/order-service/node_modules/tsx/dist/esm/api/index.cjs","1255","b97d8aa5122372689e759de9a7c30e6d1f29eb683a7a714beaab953cc8eceaa7","cjs"
"backend/services/order-service/node_modules/tsx/dist/esm/api/index.d.cts","1152","eb9096c517da313cbedce8818d9cadb82bbf02cd6f4a65db4cee42ac01f4272c","cts"
"backend/services/order-service/node_modules/tsx/dist/esm/api/index.d.mts","1152","eb9096c517da313cbedce8818d9cadb82bbf02cd6f4a65db4cee42ac01f4272c","mts"
"backend/services/order-service/node_modules/tsx/dist/esm/api/index.mjs","1109","477bed5ef167ef825ec4cb99ed010ac6d70833d1b4e8b46e23825cc6de543d8e","mjs"
"backend/services/order-service/node_modules/type-check/LICENSE","1054","b9eb082c39fe245e38793699074c394c43a722c51fce031c3c165cb92a31035c","unknown"
"backend/services/order-service/node_modules/type-check/package.json","847","f52058410cf8e57ed28dd462eece693ba490c619c70c17caef8af60b84dc4ed0","json"
"backend/services/order-service/node_modules/type-check/README.md","10220","5e5efe282abe9330ce63c054ce28d3c6711fdabe19d8b595b288300a16b45ee2","md"
"backend/services/order-service/node_modules/type-check/lib/check.js","3542","3420aeaef410af8aa43bc84f4cfb44691cccb4b9cfc69b7f4be0037396a00f68","js"
"backend/services/order-service/node_modules/type-check/lib/index.js","464","82e58c7bac292f0d47de84e68b6bbc42c9cc8ba04cfaa47e6de9be6cd18a359a","js"
"backend/services/order-service/node_modules/type-check/lib/parse-type.js","5040","1d43f7cafa18b3c3a425973f74c0e6c536f4b97fa6fd9e909941d150d3a603d7","js"
"backend/services/order-service/node_modules/type-fest/base.d.ts","1724","3afed5176dbb8e33d3366dff69f6fb0948b6849e0d2b53f6d61f41357cd617a3","ts"
"backend/services/order-service/node_modules/type-fest/index.d.ts","115","a3525c5ea8bd509802d16c10d4a9d9c146f24a2fb2b6ed641837186271632403","ts"
"backend/services/order-service/node_modules/type-fest/license","1116","64a93ffc0a06a2266dbb57ed7ebe3b56ba66ab337b6347fabdbf86c76819fbae","unknown"
"backend/services/order-service/node_modules/type-fest/package.json","1039","29af8144b4137c6225f97f590ca655e893f86372d226e5fcce8d2d5f69632a30","json"
"backend/services/order-service/node_modules/type-fest/readme.md","30621","354b926b1477e2f37ee24bf29a220eb67857e76fc95f9e16d9c13fecb410a739","md"
"backend/services/order-service/node_modules/type-fest/source/async-return-type.d.ts","715","8e067d3c170e56dfe3502fc8ebd092ae76a5235baad6f825726f3bbcc8a3836a","ts"
"backend/services/order-service/node_modules/type-fest/source/asyncify.d.ts","1214","6e95aab5b3ba30cdbc9d4ad350ae7cbeb519a1eda30a214d2b1ec1f53eecdf9c","ts"
"backend/services/order-service/node_modules/type-fest/source/basic.d.ts","2020","f20c9c09c8a0fea4784952305a937bdb092417908bad669dc789d3e54d8a5386","ts"
"backend/services/order-service/node_modules/type-fest/source/conditional-except.d.ts","1012","955d0c60502897e9735fcd08d2c1ad484b6166786328b89386074aebcd735776","ts"
"backend/services/order-service/node_modules/type-fest/source/conditional-keys.d.ts","1199","ae7f57067310d6c4acbc4862b91b5799e88831f4ab77f865443a9bc5057b540a","ts"
"backend/services/order-service/node_modules/type-fest/source/conditional-pick.d.ts","933","2fa69d202a513f2a6553f263d473cba85d598ce250261715d78e8aab42df6b93","ts"
"backend/services/order-service/node_modules/type-fest/source/entries.d.ts","2482","4d2f7644abb97ec0d681d89b455170cf2bd0e72ee2a3e52d396074d0def264c4","ts"
"backend/services/order-service/node_modules/type-fest/source/entry.d.ts","2759","13897f9cb8ddf535e2cc6448942410f18298c1540338c1276a17880362b1eb45","ts"
"backend/services/order-service/node_modules/type-fest/source/except.d.ts","886","c58be3e560989a877531d3ff7c9e5db41c5dd9282480ccf197abfcc708a95b8d","ts"
"backend/services/order-service/node_modules/type-fest/source/fixed-length-array.d.ts","1480","708350608d7483a4c585233b95d2dc86d992d36e7da312d5802e9a8837b5829d","ts"
"backend/services/order-service/node_modules/type-fest/source/iterable-element.d.ts","1282","41ceb13974711a87f182145196a641ad804125baf1fca181595f1be8cb0a2cc1","ts"
"backend/services/order-service/node_modules/type-fest/source/literal-union.d.ts","1135","b29ef0a32e75e0d2a08762d6af502c0ffcd7a83fec07ed7a153e95329b89d761","ts"
"backend/services/order-service/node_modules/type-fest/source/merge-exclusive.d.ts","1340","d33782b82eea0ee17b99ca563bd19b38259a3aaf096d306ceaf59cd4422629be","ts"
"backend/services/order-service/node_modules/type-fest/source/merge.d.ts","415","50d22844db90a0dcd359afeb59dd1e9a384d977b4b363c880b4e65047237a29e","ts"
"backend/services/order-service/node_modules/type-fest/source/mutable.d.ts","860","91f23ddc3971b1c8938c638fb55601a339483953e1eb800675fa5b5e8113db72","ts"
"backend/services/order-service/node_modules/type-fest/source/opaque.d.ts","2676","d4220a16027ddf0cc7d105d80cbb01f5070ca7ddd8b2d007cfb024b27e22b912","ts"
"backend/services/order-service/node_modules/type-fest/source/package-json.d.ts","14074","e11ff96a6e720e91e52ac54c53ee5bea99929bf096ae6b34bca2276e2b277ef8","ts"
"backend/services/order-service/node_modules/type-fest/source/partial-deep.d.ts","2312","61046f12c3cfafd353d2d03febc96b441c1a0e3bb82a5a88de78cc1be9e10520","ts"
"backend/services/order-service/node_modules/type-fest/source/promisable.d.ts","775","537aff717746703d2157ec563b5de4f6393ce9f69a84ae62b49e9b6c80b6e587","ts"
"backend/services/order-service/node_modules/type-fest/source/promise-value.d.ts","1050","c585e44fdf120eba5f6b12c874966f152792af727115570b21cb23574f465ce1","ts"
"backend/services/order-service/node_modules/type-fest/source/readonly-deep.d.ts","1828","f4e7f5824ac7b35539efc3bef36b3e6be89603b88224cb5c0ad3526a454fc895","ts"
"backend/services/order-service/node_modules/type-fest/source/require-at-least-one.d.ts","848","55a84db1ca921c86709117fabae152ab802511dd395c26d6049e6d4fb1e78112","ts"
"backend/services/order-service/node_modules/type-fest/source/require-exactly-one.d.ts","1255","2d14198b25428b7b8010a895085add8edfaae476ab863c0c15fe2867fc214fe4","ts"
"backend/services/order-service/node_modules/type-fest/source/set-optional.d.ts","1068","fb3aa3fb5f4fcd0d57d389a566c962e92dbfdaea3c38e3eaf27d466e168871c6","ts"
"backend/services/order-service/node_modules/type-fest/source/set-required.d.ts","1069","0af1485d84516c1a080c1f4569fea672caac8051e29f33733bf8d01df718d213","ts"
"backend/services/order-service/node_modules/type-fest/source/set-return-type.d.ts","1698","671da85fc40086ce6f7309c428511bd77aebc0405b88700a26590a75cf37ff10","ts"
"backend/services/order-service/node_modules/type-fest/source/stringified.d.ts","416","3c19e77a05c092cab5f4fd57f6864aa2657f3ad524882f917a05fdb025905199","ts"
"backend/services/order-service/node_modules/type-fest/source/tsconfig-json.d.ts","16837","08ce78e8c4c047bb08ccadc6587f6b45f025d85829854199db891cf1de7b209e","ts"
"backend/services/order-service/node_modules/type-fest/source/union-to-intersection.d.ts","1961","55480aa69f3984607fa60b3862b5cd24c2ee7bdd4edaed1eef6a8b46554e947f","ts"
"backend/services/order-service/node_modules/type-fest/source/utilities.d.ts","236","51f8343ee830b7003a644ac90122bd092413344f957f9f9bec64d5945f179927","ts"
"backend/services/order-service/node_modules/type-fest/source/value-of.d.ts","829","69630ad0e50189fb7a6b8f138c5492450394cb45424a903c8b53b2d5dd1dbce2","ts"
"backend/services/order-service/node_modules/type-fest/ts41/camel-case.d.ts","2107","15eb363cdbe0004d3db00bce07892a5f5eb55d281761f768ee0545df54b04a0c","ts"
"backend/services/order-service/node_modules/type-fest/ts41/delimiter-case.d.ts","2846","9b83354a819146569dfe74a2468b7c11e287286d58b5654555ed1fec10688649","ts"
"backend/services/order-service/node_modules/type-fest/ts41/index.d.ts","392","973aa2a5bc9b967d9c2ada4edc050ffe2832b09860bfa0ba0cb79b8253e81dd6","ts"
"backend/services/order-service/node_modules/type-fest/ts41/kebab-case.d.ts","686","e90e58ad52b0d25a238f6a794be594bf647280a6e8478b2337ff729dce62a63c","ts"
"backend/services/order-service/node_modules/type-fest/ts41/pascal-case.d.ts","608","ea1393c82a0cd229de6915d3682db9571c9b65803b971a04f6042bd3b3826b60","ts"
"backend/services/order-service/node_modules/type-fest/ts41/snake-case.d.ts","672","d4978c3f743921aefd2609c001cf4a6baf74dd5e67337b5088bb29cb6d832ebb","ts"
"backend/services/order-service/node_modules/type-is/HISTORY.md","5447","b32b37e94681b90954e8e6d29caef74a6b864055292634c36fb58fb50a9bddae","md"
"backend/services/order-service/node_modules/type-is/index.js","5562","4a94338bd746c6b17dd8681f21124f84ed2cdd4a16022849d28900d5e568642a","js"
"backend/services/order-service/node_modules/type-is/LICENSE","1172","23d466b1b134b415b66fa50c6526b4cf3e7b9258554da88d3abb371721e7ce68","unknown"
"backend/services/order-service/node_modules/type-is/package.json","1133","87917e3dda1080179447633c3edff7e4b917d62b463893c88cef5be0b2babc63","json"
"backend/services/order-service/node_modules/type-is/README.md","5183","ffcb49607e72eba2ed8b37c854762381e7d2df2714cbda5b921ced25841581ad","md"
"backend/services/order-service/node_modules/typescript/LICENSE.txt","9197","a7d00bfd54525bc694b6e32f64c7ebcf5e6b7ae3657be5cc12767bce74654a47","txt"
"backend/services/order-service/node_modules/typescript/package.json","3620","822ef7ca6452205657b6288b066481ecf508bfbf43455d715cf7d3ec457561e6","json"
"backend/services/order-service/node_modules/typescript/README.md","2842","73147458477d90cd6236627cdd9b0871df12e6e8a21d2d0fda6d1ad2826bdc0e","md"
"backend/services/order-service/node_modules/typescript/SECURITY.md","2656","7b6976eec43edfa68b79a459dd089c56b7a395916dbf1a01bd11e6d86e12128f","md"
"backend/services/order-service/node_modules/typescript/ThirdPartyNoticeText.txt","37824","1af3c68039c57e539422da82a4faada506ce6d0ea6f90e0b699d02dbcdb7a90c","txt"
"backend/services/order-service/node_modules/typescript/bin/tsc","45","8d5fa5bd883fec0979fc2004f1fe1d99aef40570155d550eadc0b03b55513bf0","unknown"
"backend/services/order-service/node_modules/typescript/bin/tsserver","50","a088f0c3419bcb2f7b860ad42e4c9f25ead067eda70af6a10d0a7d453954aada","unknown"
"backend/services/order-service/node_modules/typescript/lib/lib.d.ts","992","a7297ff837fcdf174a9524925966429eb8e5feecc2cc55cc06574e6b092c1eaa","ts"
"backend/services/order-service/node_modules/typescript/lib/lib.decorators.d.ts","13192","8e7f8264d0fb4c5339605a15daadb037bf238c10b654bb3eee14208f860a32ea","ts"
"backend/services/order-service/node_modules/typescript/lib/lib.decorators.legacy.d.ts","1326","782dec38049b92d4e85c1585fbea5474a219c6984a35b004963b00beb1aab538","ts"
"backend/services/order-service/node_modules/typescript/lib/lib.dom.asynciterable.d.ts","1887","d7a3c8b952931daebdfc7a2897c53c0a1c73624593fa070e46bd537e64dcd20a","ts"
"backend/services/order-service/node_modules/typescript/lib/lib.dom.d.ts","1874901","080941d9f9ff9307f7e27a83bcd888b7c8270716c39af943532438932ec1d0b9","ts"
"backend/services/order-service/node_modules/typescript/lib/lib.dom.iterable.d.ts","29802","2e80ee7a49e8ac312cc11b77f1475804bee36b3b2bc896bead8b6e1266befb43","ts"
"backend/services/order-service/node_modules/typescript/lib/lib.es2015.collection.d.ts","5229","dc2df20b1bcdc8c2d34af4926e2c3ab15ffe1160a63e58b7e09833f616efff44","ts"
"backend/services/order-service/node_modules/typescript/lib/lib.es2015.core.d.ts","22866","c57796738e7f83dbc4b8e65132f11a377649c00dd3eee333f672b8f0a6bea671","ts"
"backend/services/order-service/node_modules/typescript/lib/lib.es2015.d.ts","1241","45b7ab580deca34ae9729e97c13cfd999df04416a79116c3bfb483804f85ded4","ts"
"backend/services/order-service/node_modules/typescript/lib/lib.es2015.generator.d.ts","2557","515d0b7b9bea2e31ea4ec968e9edd2c39d3eebf4a2d5cbd04e88639819ae3b71","ts"
"backend/services/order-service/node_modules/typescript/lib/lib.es2015.iterable.d.ts","18200","0559b1f683ac7505ae451f9a96ce4c3c92bdc71411651ca6ddb0e88baaaad6a3","ts"
"backend/services/order-service/node_modules/typescript/lib/lib.es2015.promise.d.ts","3200","0dc1e7ceda9b8b9b455c3a2d67b0412feab00bd2f66656cd8850e8831b08b537","ts"
"backend/services/order-service/node_modules/typescript/lib/lib.es2015.proxy.d.ts","5251","ce691fb9e5c64efb9547083e4a34091bcbe5bdb41027e310ebba8f7d96a98671","ts"
"backend/services/order-service/node_modules/typescript/lib/lib.es2015.reflect.d.ts","6493","8d697a2a929a5fcb38b7a65594020fcef05ec1630804a33748829c5ff53640d0","ts"
"backend/services/order-service/node_modules/typescript/lib/lib.es2015.symbol.d.ts","1649","4ff2a353abf8a80ee399af572debb8faab2d33ad38c4b4474cff7f26e7653b8d","ts"
"backend/services/order-service/node_modules/typescript/lib/lib.es2015.symbol.wellknown.d.ts","11010","fb0f136d372979348d59b3f5020b4cdb81b5504192b1cacff5d1fbba29378aa1","ts"
"backend/services/order-service/node_modules/typescript/lib/lib.es2016.array.include.d.ts","5204","d15bea3d62cbbdb9797079416b8ac375ae99162a7fba5de2c6c505446486ac0a","ts"
"backend/services/order-service/node_modules/typescript/lib/lib.es2016.d.ts","965","3facaf05f0c5fc569c5649dd359892c98a85557e3e0c847964caeb67076f4d75","ts"
"backend/services/order-service/node_modules/typescript/lib/lib.es2016.full.d.ts","1032","807e0e0bdc67605dd28efe18f20ab5fcd75d944ef95936120702335f9379094b","ts"
"backend/services/order-service/node_modules/typescript/lib/lib.es2016.intl.d.ts","1484","68d18b664c9d32a7336a70235958b8997ebc1c3b8505f4f1ae2b7e7753b87618","ts"
"backend/services/order-service/node_modules/typescript/lib/lib.es2017.arraybuffer.d.ts","915","eb3d66c8327153d8fa7dd03f9c58d351107fe824c79e9b56b462935176cdf12a","ts"
"backend/services/order-service/node_modules/typescript/lib/lib.es2017.d.ts","1162","e44bb8bbac7f10ecc786703fe0a6a4b952189f908707980ba8f3c8975a760962","ts"
"backend/services/order-service/node_modules/typescript/lib/lib.es2017.date.d.ts","1916","38f0219c9e23c915ef9790ab1d680440d95419ad264816fa15009a8851e79119","ts"
"backend/services/order-service/node_modules/typescript/lib/lib.es2017.full.d.ts","1032","1d242d5c24cf285c88bc4fb93c5ff903de8319064e282986edeb6247ba028d5e","ts"
"backend/services/order-service/node_modules/typescript/lib/lib.es2017.intl.d.ts","1449","4de680d5bb41c17f7f68e0419412ca23c98d5749dcaaea1896172f06435891fc","ts"
"backend/services/order-service/node_modules/typescript/lib/lib.es2017.object.d.ts","2473","69ab18c3b76cd9b1be3d188eaf8bba06112ebbe2f47f6c322b5105a6fbc45a2e","ts"
"backend/services/order-service/node_modules/typescript/lib/lib.es2017.sharedmemory.d.ts","7209","a680117f487a4d2f30ea46f1b4b7f58bef1480456e18ba53ee85c2746eeca012","ts"
"backend/services/order-service/node_modules/typescript/lib/lib.es2017.string.d.ts","2378","2f11ff796926e0832f9ae148008138ad583bd181899ab7dd768a2666700b1893","ts"
"backend/services/order-service/node_modules/typescript/lib/lib.es2017.typedarrays.d.ts","1542","954296b30da6d508a104a3a0b5d96b76495c709785c1d11610908e63481ee667","ts"
"backend/services/order-service/node_modules/typescript/lib/lib.es2018.asyncgenerator.d.ts","2692","ac9538681b19688c8eae65811b329d3744af679e0bdfa5d842d0e32524c73e1c","ts"
"backend/services/order-service/node_modules/typescript/lib/lib.es2018.asynciterable.d.ts","2257","0a969edff4bd52585473d24995c5ef223f6652d6ef46193309b3921d65dd4376","ts"
"backend/services/order-service/node_modules/typescript/lib/lib.es2018.d.ts","1088","5e1c4c362065a6b95ff952c0eab010f04dcd2c3494e813b493ecfd4fcb9fc0d8","ts"
"backend/services/order-service/node_modules/typescript/lib/lib.es2018.full.d.ts","1074","95f1023b824c2c511c48f1201e2d1188bcb0ca1138a309a870b956d2e92e44ab","ts"
"backend/services/order-service/node_modules/typescript/lib/lib.es2018.intl.d.ts","3021","9e9fbd7030c440b33d021da145d3232984c8bb7916f277e8ffd3dc2e3eae2bdb","ts"
"backend/services/order-service/node_modules/typescript/lib/lib.es2018.promise.d.ts","1353","811ec78f7fefcabbda4bfa93b3eb67d9ae166ef95f9bff989d964061cbf81a0c","ts"
"backend/services/order-service/node_modules/typescript/lib/lib.es2018.regexp.d.ts","1232","717937616a17072082152a2ef351cb51f98802fb4b2fdabd32399843875974ca","ts"
"backend/services/order-service/node_modules/typescript/lib/lib.es2019.array.d.ts","3163","d7e7d9b7b50e5f22c915b525acc5a49a7a6584cf8f62d0569e557c5cfc4b2ac2","ts"
"backend/services/order-service/node_modules/typescript/lib/lib.es2019.d.ts","1071","68d73b4a11549f9c0b7d352d10e91e5dca8faa3322bfb77b661839c42b1ddec7","ts"
"backend/services/order-service/node_modules/typescript/lib/lib.es2019.full.d.ts","1074","08f6861df84fba9719c14d5adc3ba40be9f0c687639e6c4df3c05b9301b8ff94","ts"
"backend/services/order-service/node_modules/typescript/lib/lib.es2019.intl.d.ts","958","74f7fa2d027d5b33eb0471c8e82a6c87216223181ec31247c357a3e8e2fddc5b","ts"
"backend/services/order-service/node_modules/typescript/lib/lib.es2019.object.d.ts","1473","71c37f4c9543f31dfced6c7840e068c5a5aacb7b89111a4364b1d5276b852557","ts"
"backend/services/order-service/node_modules/typescript/lib/lib.es2019.string.d.ts","1528","576711e016cf4f1804676043e6a0a5414252560eb57de9faceee34d79798c850","ts"
"backend/services/order-service/node_modules/typescript/lib/lib.es2019.symbol.d.ts","1006","89c1b1281ba7b8a96efc676b11b264de7a8374c5ea1e6617f11880a13fc56dc6","ts"
"backend/services/order-service/node_modules/typescript/lib/lib.es2020.bigint.d.ts","38185","d6d7ae4d1f1f3772e2a3cde568ed08991a8ae34a080ff1151af28b7f798e22ca","ts"
"backend/services/order-service/node_modules/typescript/lib/lib.es2020.d.ts","1201","5efce4fc3c29ea84e8928f97adec086e3dc876365e0982cc8479a07954a3efd4","ts"
"backend/services/order-service/node_modules/typescript/lib/lib.es2020.date.d.ts","2956","063600664504610fe3e99b717a1223f8b1900087fab0b4cad1496a114744f8df","ts"
"backend/services/order-service/node_modules/typescript/lib/lib.es2020.full.d.ts","1074","1305d1e76ca44e30fb8b2b8075fa522b83f60c0bcf5d4326a9d2cf79b53724f8","ts"
"backend/services/order-service/node_modules/typescript/lib/lib.es2020.intl.d.ts","22438","639e512c0dfc3fad96a84caad71b8834d66329a1f28dc95e3946c9b58176c73a","ts"
"backend/services/order-service/node_modules/typescript/lib/lib.es2020.number.d.ts","1587","368af93f74c9c932edd84c58883e736c9e3d53cec1fe24c0b0ff451f529ceab1","ts"
"backend/services/order-service/node_modules/typescript/lib/lib.es2020.promise.d.ts","1803","934019d7e3c81950f9a8426d093458b65d5aff2c7c1511233c0fd5b941e608ab","ts"
"backend/services/order-service/node_modules/typescript/lib/lib.es2020.sharedmemory.d.ts","5128","52ada8e0b6e0482b728070b7639ee42e83a9b1c22d205992756fe020fd9f4a47","ts"
"backend/services/order-service/node_modules/typescript/lib/lib.es2020.string.d.ts","2556","3bdefe1bfd4d6dee0e26f928f93ccc128f1b64d5d501ff4a8cf3c6371200e5e6","ts"
"backend/services/order-service/node_modules/typescript/lib/lib.es2020.symbol.wellknown.d.ts","1606","59fb2c069260b4ba00b5643b907ef5d5341b167e7d1dbf58dfd895658bda2867","ts"
"backend/services/order-service/node_modules/typescript/lib/lib.es2021.d.ts","1036","feecb1be483ed332fad555aff858affd90a48ab19ba7272ee084704eb7167569","ts"
"backend/services/order-service/node_modules/typescript/lib/lib.es2021.full.d.ts","1074","4a66df3ab5de5cfcda11538cffddd67ff6a174e003788e270914c1e0248483cf","ts"
"backend/services/order-service/node_modules/typescript/lib/lib.es2021.intl.d.ts","8245","965f36eae237dd74e6cca203a43e9ca801ce38824ead814728a2807b1910117d","ts"
"backend/services/order-service/node_modules/typescript/lib/lib.es2021.promise.d.ts","2262","af3dd424cf267428f30ccfc376f47a2c0114546b55c44d8c0f1d57d841e28d74","ts"
"backend/services/order-service/node_modules/typescript/lib/lib.es2021.string.d.ts","1592","995c005ab91a498455ea8dfb63aa9f83fa2ea793c3d8aa344be4a1678d06d399","ts"
"backend/services/order-service/node_modules/typescript/lib/lib.es2021.weakref.d.ts","3171","959d36cddf5e7d572a65045b876f2956c973a586da58e5d26cde519184fd9b8a","ts"
"backend/services/order-service/node_modules/typescript/lib/lib.es2022.array.d.ts","4676","3925a6c820dcb1a06506c90b1577db1fdbf7705d65b62b99dce4be75c637e26b","ts"
"backend/services/order-service/node_modules/typescript/lib/lib.es2022.d.ts","1108","ee7bad0c15b58988daa84371e0b89d313b762ab83cb5b31b8a2d1162e8eb41c2","ts"
"backend/services/order-service/node_modules/typescript/lib/lib.es2022.error.d.ts","2379","0a3d63ef2b853447ec4f749d3f368ce642264246e02911fcb1590d8c161b8005","ts"
"backend/services/order-service/node_modules/typescript/lib/lib.es2022.full.d.ts","1074","3cbad9a1ba4453443026ed38e4b8be018abb26565fa7c944376463ad9df07c41","ts"
"backend/services/order-service/node_modules/typescript/lib/lib.es2022.intl.d.ts","7692","8cdf8847677ac7d20486e54dd3fcf09eda95812ac8ace44b4418da1bbbab6eb8","ts"
"backend/services/order-service/node_modules/typescript/lib/lib.es2022.object.d.ts","1085","8444af78980e3b20b49324f4a16ba35024fef3ee069a0eb67616ea6ca821c47a","ts"
"backend/services/order-service/node_modules/typescript/lib/lib.es2022.regexp.d.ts","1331","b4b67b1a91182421f5df999988c690f14d813b9850b40acd06ed44691f6727ad","ts"
"backend/services/order-service/node_modules/typescript/lib/lib.es2022.string.d.ts","1155","3287d9d085fbd618c3971944b65b4be57859f5415f495b33a6adc994edd2f004","ts"
"backend/services/order-service/node_modules/typescript/lib/lib.es2023.array.d.ts","40236","df83c2a6c73228b625b0beb6669c7ee2a09c914637e2d35170723ad49c0f5cd4","ts"
"backend/services/order-service/node_modules/typescript/lib/lib.es2023.collection.d.ts","900","436aaf437562f276ec2ddbee2f2cdedac7664c1e4c1d2c36839ddd582eeb3d0a","ts"
"backend/services/order-service/node_modules/typescript/lib/lib.es2023.d.ts","999","27bdc30a0e32783366a5abeda841bc22757c1797de8681bbe81fbc735eeb1c10","ts"
"backend/services/order-service/node_modules/typescript/lib/lib.es2023.full.d.ts","1074","785921608325fa246b450f05b238f4b3ed659f1099af278ce9ebbc9416a13f1d","ts"
"backend/services/order-service/node_modules/typescript/lib/lib.es2023.intl.d.ts","2645","8e3c06ea092138bf9fa5e874a1fdbc9d54805d074bee1de31b99a11e2fec239d","ts"
"backend/services/order-service/node_modules/typescript/lib/lib.es2024.arraybuffer.d.ts","2637","87dc0f382502f5bbce5129bdc0aea21e19a3abbc19259e0b43ae038a9fc4e326","ts"
"backend/services/order-service/node_modules/typescript/lib/lib.es2024.collection.d.ts","1224","b1cb28af0c891c8c96b2d6b7be76bd394fddcfdb4709a20ba05a7c1605eea0f9","ts"
"backend/services/order-service/node_modules/typescript/lib/lib.es2024.d.ts","1166","8fd575e12870e9944c7e1d62e1f5a73fcf23dd8d3a321f2a2c74c20d022283fe","ts"
"backend/services/order-service/node_modules/typescript/lib/lib.es2024.full.d.ts","1074","b3e9cef4eed59f8a2249ed834ba4aabe9d0d4e9037d4679487fa17dad99004a3","ts"
"backend/services/order-service/node_modules/typescript/lib/lib.es2024.object.d.ts","1259","2fef54945a13095fdb9b84f705f2b5994597640c46afeb2ce78352fab4cb3279","ts"
"backend/services/order-service/node_modules/typescript/lib/lib.es2024.promise.d.ts","1389","ac77cb3e8c6d3565793eb90a8373ee8033146315a3dbead3bde8db5eaf5e5ec6","ts"
"backend/services/order-service/node_modules/typescript/lib/lib.es2024.regexp.d.ts","1073","56e4ed5aab5f5920980066a9409bfaf53e6d21d3f8d020c17e4de584d29600ad","ts"
"backend/services/order-service/node_modules/typescript/lib/lib.es2024.sharedmemory.d.ts","3077","4ece9f17b3866cc077099c73f4983bddbcb1dc7ddb943227f1ec070f529dedd1","ts"
"backend/services/order-service/node_modules/typescript/lib/lib.es2024.string.d.ts","1194","0a6282c8827e4b9a95f4bf4f5c205673ada31b982f50572d27103df8ceb8013c","ts"
"backend/services/order-service/node_modules/typescript/lib/lib.es5.d.ts","218439","c430d44666289dae81f30fa7b2edebf186ecc91a2d4c71266ea6ae76388792e1","ts"
"backend/services/order-service/node_modules/typescript/lib/lib.es6.d.ts","1032","df039a67536fe2acc3affdcbfb645892f842db36fe599e8e652e2f0c640a90d1","ts"
"backend/services/order-service/node_modules/typescript/lib/lib.esnext.array.d.ts","1791","1c9319a09485199c1f7b0498f2988d6d2249793ef67edda49d1e584746be9032","ts"
"backend/services/order-service/node_modules/typescript/lib/lib.esnext.collection.d.ts","3878","e3a2a0cee0f03ffdde24d89660eba2685bfbdeae955a6c67e8c4c9fd28928eeb","ts"
"backend/services/order-service/node_modules/typescript/lib/lib.esnext.d.ts","1282","2ab096661c711e4a81cc464fa1e6feb929a54f5340b46b0a07ac6bbf857471f0","ts"
"backend/services/order-service/node_modules/typescript/lib/lib.esnext.decorators.d.ts","1070","d4b1d2c51d058fc21ec2629fff7a76249dec2e36e12960ea056e3ef89174080f","ts"
"backend/services/order-service/node_modules/typescript/lib/lib.esnext.disposable.d.ts","6806","51ad4c928303041605b4d7ae32e0c1ee387d43a24cd6f1ebf4a2699e1076d4fa","ts"
"backend/services/order-service/node_modules/typescript/lib/lib.esnext.error.d.ts","1029","73f78680d4c08509933daf80947902f6ff41b6230f94dd002ae372620adb0f60","ts"
"backend/services/order-service/node_modules/typescript/lib/lib.esnext.float16.d.ts","20528","196cb558a13d4533a5163286f30b0509ce0210e4b316c56c38d4c0fd2fb38405","ts"
"backend/services/order-service/node_modules/typescript/lib/lib.esnext.full.d.ts","1074","bde31fd423cd93b0eff97197a3f66df7c93e8c0c335cbeb113b7ff1ac35c23f4","ts"
"backend/services/order-service/node_modules/typescript/lib/lib.esnext.intl.d.ts","893","811c71eee4aa0ac5f7adf713323a5c41b0cf6c4e17367a34fbce379e12bbf0a4","ts"
"backend/services/order-service/node_modules/typescript/lib/lib.esnext.iterator.d.ts","8676","22adec94ef7047a6c9d1af3cb96be87a335908bf9ef386ae9fd50eeb37f44c47","ts"
"backend/services/order-service/node_modules/typescript/lib/lib.esnext.promise.d.ts","1658","60037901da1a425516449b9a20073aa03386cce92f7a1fd902d7602be3a7c2e9","ts"
"backend/services/order-service/node_modules/typescript/lib/lib.esnext.sharedmemory.d.ts","1067","c5239f5c01bcfa9cd32f37c496cf19c61d69d37e48be9de612b541aac915805b","ts"
"backend/services/order-service/node_modules/typescript/lib/lib.scripthost.d.ts","9451","cd034f499c6cdca722b60c04b5b1b78e058487a7085a8e0d6fb50809947ee573","ts"
"backend/services/order-service/node_modules/typescript/lib/lib.webworker.asynciterable.d.ts","1887","ca417afee74054e99d5a8252b35bef26ca6e2942d67d343fce6b42fc9f432993","ts"
"backend/services/order-service/node_modules/typescript/lib/lib.webworker.d.ts","609557","6d08cde2bfb6ff909efbf7cb7d6d55be412cf4b9f48fd0430185986973fa91f5","ts"
"backend/services/order-service/node_modules/typescript/lib/lib.webworker.importscripts.d.ts","1041","80e18897e5884b6723488d4f5652167e7bb5024f946743134ecc4aa4ee731f89","ts"
"backend/services/order-service/node_modules/typescript/lib/lib.webworker.iterable.d.ts","22768","d6c6331ce67c41b2ad5bfb0c8c022403980b479a377a44da8f16b61120418f66","ts"
"backend/services/order-service/node_modules/typescript/lib/tsc.js","267","2cffde0b8c6760dfb0b5b0382bbb7e00ba6a8b2d981b9205b256a700a481d983","js"
"backend/services/order-service/node_modules/typescript/lib/tsserver.js","272","e3ccfeec65ec5c470b8ffc5611878a31182650c7e8a062c38a719f83b523edcb","js"
"backend/services/order-service/node_modules/typescript/lib/tsserverlibrary.d.ts","865","73b15a0b7cf5c6df9076b9408c5ce682f11813453bf54c54cb284f075b5224cf","ts"
"backend/services/order-service/node_modules/typescript/lib/tsserverlibrary.js","1012","7ca9b464de80a5382d9ccfed2b224323bc0274c8de61bf0464e89ee824677c76","js"
"backend/services/order-service/node_modules/typescript/lib/typescript.d.ts","588085","e134052a6b1ded61693b4037f615dc72f14e2881e79c1ddbff6c514c8a516b05","ts"
"backend/services/order-service/node_modules/typescript/lib/typescript.js","9112572","3ae902c92cc44dace175c0e69e13a4b0899f6983c6121d76b9ab8dd5795e7675","js"
"backend/services/order-service/node_modules/typescript/lib/typesMap.json","16788","4143fb8b1c5d4421dfa19a4b80ddf2da375fc0835a349c3b18519fda5955e1d9","json"
"backend/services/order-service/node_modules/typescript/lib/typingsInstaller.js","280","2d48a038523ea7c626fa2796a30fa5fdc07612ea5fab83544423009d7683a213","js"
"backend/services/order-service/node_modules/typescript/lib/watchGuard.js","2313","471200d4bc555ef8d8429358bdca2a68ea7c9bfff6c853b5b048d2512fe4092a","js"
"backend/services/order-service/node_modules/typescript/lib/_tsc.js","6213092","e8f349eabd48486bdb2bf9dc1a00c89d58297270c54b745838879e2859194419","js"
"backend/services/order-service/node_modules/typescript/lib/_tsserver.js","27888","0efcc88cdf0593cc1dcc8b6afd605c7bed9eca6f648c70c8f0df8695114bf6d7","js"
"backend/services/order-service/node_modules/typescript/lib/_typingsInstaller.js","10363","62a69c574365f1c81633b86b3214f9df860aad08843028dd5244b00aa7f1e190","js"
"backend/services/order-service/node_modules/typescript/lib/cs/diagnosticMessages.generated.json","320453","5b30e58d35f877521e14c16551c86320b2ed19ddb70fe5f41841b561d27f18c2","json"
"backend/services/order-service/node_modules/typescript/lib/de/diagnosticMessages.generated.json","344426","a4031a8028febc35f92ba317104878d93f02c1750e6ee16351c2270ab4dff517","json"
"backend/services/order-service/node_modules/typescript/lib/es/diagnosticMessages.generated.json","340054","3c7844125e1f2a3a2227e16dd1fed75218a3454919706b34cd8a5da9d43cda22","json"
"backend/services/order-service/node_modules/typescript/lib/fr/diagnosticMessages.generated.json","346016","9fc1836d7575840a8b7a63dacdedd99e90e4144c0bbe29a4b7fa78a86e0e8bf5","json"
"backend/services/order-service/node_modules/typescript/lib/it/diagnosticMessages.generated.json","339409","a740fe2b2338d72a8d165fb8c7c22ac1393a18b6aa7f1ed6d45b79887867f98a","json"
"backend/services/order-service/node_modules/typescript/lib/ja/diagnosticMessages.generated.json","381398","ae1a2d439bfb60b9fa32408bde0e9ec39840a33d621014fcb5b2fb4e69a606de","json"
"backend/services/order-service/node_modules/typescript/lib/ko/diagnosticMessages.generated.json","346139","31b27d2d556fc037eeac1672f771bf940ec70afba342e977faa75a2fa292a8be","json"
"backend/services/order-service/node_modules/typescript/lib/pl/diagnosticMessages.generated.json","342111","0645575abe920de1ee4cf3f2f70c7abc7f6691daa01cf1e9ad6b1ce53917c9ff","json"
"backend/services/order-service/node_modules/typescript/lib/pt-br/diagnosticMessages.generated.json","330482","34a649eb937cd70fe7b15663c2e5479e753d42df0e5c2933636789b60c2c939d","json"
"backend/services/order-service/node_modules/typescript/lib/ru/diagnosticMessages.generated.json","443587","29bb8ea9d44f55bb7acdedfac0a57865ea40552f004d0d6e3b96746ac76666cc","json"
"backend/services/order-service/node_modules/typescript/lib/tr/diagnosticMessages.generated.json","330684","9466915f3e0cdb2625495bbe9c02c8b7ef9e3543fffae957ba034655563abf65","json"
"backend/services/order-service/node_modules/typescript/lib/zh-cn/diagnosticMessages.generated.json","295909","6bd4ae6aea0991f6b73c46ec79ebb643b280a07e4808be363b07d01d2f6d399d","json"
"backend/services/order-service/node_modules/typescript/lib/zh-tw/diagnosticMessages.generated.json","292532","c35cf732ff01539090a3622b7a07f7bb4cadb28f6f13048b366012c458329be1","json"
"backend/services/order-service/node_modules/undici-types/agent.d.ts","1065","4893a895ea92c85345017a04ed427cbd6a1710453338df26881a6019432febdd","ts"
"backend/services/order-service/node_modules/undici-types/api.d.ts","1455","0db18c6e78ea846316c012478888f33c11ffadab9efd1cc8bcc12daded7a60b6","ts"
"backend/services/order-service/node_modules/undici-types/balanced-pool.d.ts","961","ba7bc87d01492633cb5a0e5da8a4a42a1c86270e7b3d2dea5d156828a84e4882","ts"
"backend/services/order-service/node_modules/undici-types/cache.d.ts","1251","c46e079fe54c76f95c67fb89081b3e399da2c7d109e7dca8e4b58d83e332e605","ts"
"backend/services/order-service/node_modules/undici-types/client.d.ts","4964","1d6e127068ea8e104a912e42fc0a110e2aa5a66a356a917a163e8cf9a65e4a75","ts"
"backend/services/order-service/node_modules/undici-types/connector.d.ts","1029","c6fd2c5a395f2432786c9cb8deb870b9b0e8ff7e22c029954fabdd692bff6195","ts"
"backend/services/order-service/node_modules/undici-types/content-type.d.ts","561","2e85db9e6fd73cfa3d7f28e0ab6b55417ea18931423bd47b409a96e4a169e8e6","ts"
"backend/services/order-service/node_modules/undici-types/cookies.d.ts","635","89167d696a849fce5ca508032aabfe901c0868f833a8625d5a9c6e861ef935d2","ts"
"backend/services/order-service/node_modules/undici-types/diagnostics-channel.d.ts","1579","4732aec92b20fb28c5fe9ad99521fb59974289ed1e45aecb282616202184064f","ts"
"backend/services/order-service/node_modules/undici-types/dispatcher.d.ts","14222","7f182617db458e98fc18dfb272d40aa2fff3a353c44a89b2c0ccb3937709bfb5","ts"
"backend/services/order-service/node_modules/undici-types/env-http-proxy-agent.d.ts","675","24c6a117721e606c9984335f71711877293a9651e44f59f3d21c1ea0856f9cc9","ts"
"backend/services/order-service/node_modules/undici-types/errors.d.ts","4280","5ded6427296cdf3b9542de4471d2aa8d3983671d4cac0f4bf9c637208d1ced43","ts"
"backend/services/order-service/node_modules/undici-types/eventsource.d.ts","1648","8bd86b8e8f6a6aa6c49b71e14c4ffe1211a0e97c80f08d2c8cc98838006e4b88","ts"
"backend/services/order-service/node_modules/undici-types/fetch.d.ts","5575","c464d66b20788266e5353b48dc4aa6bc0dc4a707276df1e7152ab0c9ae21fad8","ts"
"backend/services/order-service/node_modules/undici-types/file.d.ts","1707","25c8056edf4314820382a5fdb4bb7816999acdcb929c8f75e3f39473b87e85bc","ts"
"backend/services/order-service/node_modules/undici-types/filereader.d.ts","1433","317e63deeb21ac07f3992f5b50cdca8338f10acd4fbb7257ebf56735bf52ab00","ts"
"backend/services/order-service/node_modules/undici-types/formdata.d.ts","4998","78d0d27c130d35c60b5e5566c9f1e5be77caf39804636bc1a40133919a949f21","ts"
"backend/services/order-service/node_modules/undici-types/global-dispatcher.d.ts","276","cadc8aced301244057c4e7e73fbcae534b0f5b12a37b150d80e5a45aa4bebcbd","ts"
"backend/services/order-service/node_modules/undici-types/global-origin.d.ts","175","385aab901643aa54e1c36f5ef3107913b10d1b5bb8cbcd933d4263b80a0d7f20","ts"
"backend/services/order-service/node_modules/undici-types/handlers.d.ts","447","11396ed8a44c02ab9798b7dca436009f866e8dae3c9c25e8c1fbc396880bf1bb","ts"
"backend/services/order-service/node_modules/undici-types/header.d.ts","133","5929864ce17fba74232584d90cb721a89b7ad277220627cc97054ba15a98ea8f","ts"
"backend/services/order-service/node_modules/undici-types/index.d.ts","3387","bf67d53d168abc1298888693338cb82854bdb2e69ef83f8a0092093c2d562107","ts"
"backend/services/order-service/node_modules/undici-types/interceptors.d.ts","922","e61be3f894b41b7baa1fbd6a66893f2579bfad01d208b4ff61daef21493ef0a8","ts"
"backend/services/order-service/node_modules/undici-types/LICENSE","1090","a6db8096b2707bc0102d256917d4d33f298ba36d8c3f25de067a2b5bb379db27","unknown"
"backend/services/order-service/node_modules/undici-types/mock-agent.d.ts","2535","13f6f39e12b1518c6650bbb220c8985999020fe0f21d818e28f512b7771d00f9","ts"
"backend/services/order-service/node_modules/undici-types/mock-client.d.ts","1002","9b5369969f6e7175740bf51223112ff209f94ba43ecd3bb09eefff9fd675624a","ts"
"backend/services/order-service/node_modules/undici-types/mock-errors.d.ts","338","24515859bc0b836719105bb6cc3d68255042a9f02a6022b3187948b204946bd2","ts"
"backend/services/order-service/node_modules/undici-types/mock-interceptor.d.ts","3902","c21dc52e277bcfc75fac0436ccb75c204f9e1b3fa5e12729670910639f27343e","ts"
"backend/services/order-service/node_modules/undici-types/mock-pool.d.ts","974","4fe9e626e7164748e8769bbf74b538e09607f07ed17c2f20af8d680ee49fc1da","ts"
"backend/services/order-service/node_modules/undici-types/package.json","1193","11f873b423b96a5ad444a099685ca6b9de1379dcd83fd8d368e757ddb53658e4","json"
"backend/services/order-service/node_modules/undici-types/patch.d.ts","691","615ba88d0128ed16bf83ef8ccbb6aff05c3ee2db1cc0f89ab50a4939bfc1943f","ts"
"backend/services/order-service/node_modules/undici-types/pool-stats.d.ts","669","9670d44354bab9d9982eca21945686b5c24a3f893db73c0dae0fd74217a4c219","ts"
"backend/services/order-service/node_modules/undici-types/pool.d.ts","1336","0b8a9268adaf4da35e7fa830c8981cfa22adbbe5b3f6f5ab91f6658899e657a7","ts"
"backend/services/order-service/node_modules/undici-types/proxy-agent.d.ts","780","ea0148f897b45a76544ae179784c95af1bd6721b8610af9ffa467a518a086a43","ts"
"backend/services/order-service/node_modules/undici-types/readable.d.ts","1738","763fe0f42b3d79b440a9b6e51e9ba3f3f91352469c1e4b3b67bfa4ff6352f3f4","ts"
"backend/services/order-service/node_modules/undici-types/README.md","455","c8cced6ec588c55b07e35733258cb7d6b63e3426ee7490aa9267aab4bda0fb20","md"
"backend/services/order-service/node_modules/undici-types/retry-agent.d.ts","232","405822be75ad3e4d162e07439bac80c6bcc6dbae1929e179cf467ec0b9ee4e2e","ts"
"backend/services/order-service/node_modules/undici-types/retry-handler.d.ts","2983","dd3273ead9fbde62a72949c97dbec2247ea08e0c6952e701a483d74ef92d6a17","ts"
"backend/services/order-service/node_modules/undici-types/util.d.ts","623","bd0532fd6556073727d28da0edfd1736417a3f9f394877b6d5ef6ad88fba1d1a","ts"
"backend/services/order-service/node_modules/undici-types/webidl.d.ts","5921","99c42860a78963ee66048ef3536dbd9eb59858e6a06f2feba845105ed411e658","ts"
"backend/services/order-service/node_modules/undici-types/websocket.d.ts","3840","a4d551dbf8746780194d550c88f26cf937caf8d56f102969a110cfaed4b06656","ts"
"backend/services/order-service/node_modules/unpipe/HISTORY.md","59","6f6dc64d92c2450fd3a2fe41ca1dd3ebeb9c2321ac3c308728f5de69fe6c6fec","md"
"backend/services/order-service/node_modules/unpipe/index.js","1118","69cd57b5cdd08c42410ebc0d92235e334f1fb985e6eb2dcfb1c692db674411bd","js"
"backend/services/order-service/node_modules/unpipe/LICENSE","1114","1a526fbe8d8577f5a4b1c2821842b55b7c0e18862531c62ae4ce69c9b19b74b6","unknown"
"backend/services/order-service/node_modules/unpipe/package.json","770","28b717f978d2a4fc72cd08236931443b63fe6586102df3d1967e2b21ea8c5e11","json"
"backend/services/order-service/node_modules/unpipe/README.md","1250","b091938be61f002fc626c4dfabf66cf14ff0b5a8fa9758c9dbbdc37ab818cb5d","md"
"backend/services/order-service/node_modules/uri-js/LICENSE","1452","0af366eff4c01ec147c9c61ea9e8ffad64a4294754c9d79355f3fd1b97cb2fb9","unknown"
"backend/services/order-service/node_modules/uri-js/package.json","2172","13f6722afc3b74de0487b56d3087df1954a156e93f341aebb6ca9c1471891d6b","json"
"backend/services/order-service/node_modules/uri-js/README.md","6416","237f52ec3b63511c1885e4271748a3a246813f605c028e05923a1dad2db2e62d","md"
"backend/services/order-service/node_modules/uri-js/yarn.lock","103956","c7b3c9d1c73e40ef875e106af3554bc8c650ea8e7bb2f1a32a3ab2c5867bc5ce","lock"
"backend/services/order-service/node_modules/uri-js/dist/es5/uri.all.d.ts","2446","9f3c5498245c38c9016a369795ec5ef1768d09db63643c8dba9656e5ab294825","ts"
"backend/services/order-service/node_modules/uri-js/dist/es5/uri.all.js","57304","a0fcc6110f1154fd197a8ce056e2008dbc7d1750f8dd3ba77c3910af928ed3a1","js"
"backend/services/order-service/node_modules/uri-js/dist/es5/uri.all.js.map","102192","57838c37987e63e3c05492a9d117c7728d01236d6959d34b055d30a9bde1408d","map"
"backend/services/order-service/node_modules/uri-js/dist/es5/uri.all.min.d.ts","2446","9f3c5498245c38c9016a369795ec5ef1768d09db63643c8dba9656e5ab294825","ts"
"backend/services/order-service/node_modules/uri-js/dist/es5/uri.all.min.js","17200","22c94f97e8d8721959de2cf631e67364804146bf506d211c4f4d7e5cab704552","js"
"backend/services/order-service/node_modules/uri-js/dist/es5/uri.all.min.js.map","83083","d9e002c6924368e863b68aa70c0699fb3e25805631be3c5f95c1d38698eff081","map"
"backend/services/order-service/node_modules/uri-js/dist/esnext/index.d.ts","23","e3f3ea832d1d1d3c33317207f8a79832380260c2b25e92da08ac34eed51c79f9","ts"
"backend/services/order-service/node_modules/uri-js/dist/esnext/index.js","537","b4c2c9e05313e5fed40f9500b0206cd05ae4d465543d858cd6d50e5e18f6b0d4","js"
"backend/services/order-service/node_modules/uri-js/dist/esnext/index.js.map","747","356167445cfdcc9d49720787ef1d8e67ac7b865c1fdafc39d6788cbc88b9fbea","map"
"backend/services/order-service/node_modules/uri-js/dist/esnext/regexps-iri.d.ts","97","357a18b644a47752e605765d14f35de90d7096b6f053876640132d6faa5a6cb6","ts"
"backend/services/order-service/node_modules/uri-js/dist/esnext/regexps-iri.js","114","669bd73008cb1216b2827d7fbc283b7879948bac55f31dcdf5ecc2482bd0230d","js"
"backend/services/order-service/node_modules/uri-js/dist/esnext/regexps-iri.js.map","192","dbf0eae2f919daab898e638bbe561f8dc318c6785d4fcf96c8a3e5f2b79b48d4","map"
"backend/services/order-service/node_modules/uri-js/dist/esnext/regexps-uri.d.ts","160","4a54b3453af4881fbdc4bd9d9b838773cd92aa4b6476c2705ed294153b366c3f","ts"
"backend/services/order-service/node_modules/uri-js/dist/esnext/regexps-uri.js","7813","95ac784a53b84da8419bfd78b5886a550bbac432c540d60d5618b580501f9674","js"
"backend/services/order-service/node_modules/uri-js/dist/esnext/regexps-uri.js.map","8283","dd11ed2be70eb7de2fa10e55d0165eb093e8168029cbbdd58a6ebccf50545bec","map"
"backend/services/order-service/node_modules/uri-js/dist/esnext/uri.d.ts","2446","9f3c5498245c38c9016a369795ec5ef1768d09db63643c8dba9656e5ab294825","ts"
"backend/services/order-service/node_modules/uri-js/dist/esnext/uri.js","20153","5cd295b97e271e53f11eded4a844cb6678b2dd5c3ed32ed670109368a9c81cc3","js"
"backend/services/order-service/node_modules/uri-js/dist/esnext/uri.js.map","19219","cca4f385dc64bdedc56b6a76fadaa1835fd9cda68e47c390d46cb675226fabfc","map"
"backend/services/order-service/node_modules/uri-js/dist/esnext/util.d.ts","343","04ebb32bbd4e938388c4d313a10733e7b65acc75841914a2daad52690e43de49","ts"
"backend/services/order-service/node_modules/uri-js/dist/esnext/util.js","1114","b13481f8aa0637089bf3f49ed30fa72160a096ba49e670650d00d1797de17d1e","js"
"backend/services/order-service/node_modules/uri-js/dist/esnext/util.js.map","1715","deed06d8ce1d3a7f6b89bb3b9bf59ddc158d0068fee0a7a7608ab7efd87d2075","map"
"backend/services/order-service/node_modules/uri-js/dist/esnext/schemes/http.d.ts","108","fb2f19ae967742423ded567ffc411b2c947a47813750a745e3de5fe3edf8a878","ts"
"backend/services/order-service/node_modules/uri-js/dist/esnext/schemes/http.js","959","27e8e9bb4fcdb262ee6e6f5305051d6dd6b9d305caf2a98f9bb4bee14f702561","js"
"backend/services/order-service/node_modules/uri-js/dist/esnext/schemes/http.js.map","841","a03e7c433c3b57453ecf13d9bc43942bf3a10ee7249988022ddabaa530180f27","map"
"backend/services/order-service/node_modules/uri-js/dist/esnext/schemes/https.d.ts","108","fb2f19ae967742423ded567ffc411b2c947a47813750a745e3de5fe3edf8a878","ts"
"backend/services/order-service/node_modules/uri-js/dist/esnext/schemes/https.js","212","44a2ad2cbebf734ea88b2cbdc746f34ebc063bfea26a7238835eab81823a8429","js"
"backend/services/order-service/node_modules/uri-js/dist/esnext/schemes/https.js.map","312","90ccdf2817c3ed310490a9f4ac6faad09d7c0990d94667e2ab443f7fd628351a","map"
"backend/services/order-service/node_modules/uri-js/dist/esnext/schemes/mailto.d.ts","359","722efc7dd34452e286a2782593fe4516e80680c5e4fc4b879050b7e3d6d73e7e","ts"
"backend/services/order-service/node_modules/uri-js/dist/esnext/schemes/mailto.js","7746","5c6255134cfa8a38f386a5c5a0afe3c2ddfa40faac2cc5ee3a485a0bf03158a2","js"
"backend/services/order-service/node_modules/uri-js/dist/esnext/schemes/mailto.js.map","7209","7f4d8e1ff305d16e9ac6a2a7a38a41f407cc5e544168a49a96d2590513baeeb4","map"
"backend/services/order-service/node_modules/uri-js/dist/esnext/schemes/urn-uuid.d.ts","279","5da580f9f934381c4e997c7c0bc53f66147c366db0dd98562dd4b3cb8a3d3640","ts"
"backend/services/order-service/node_modules/uri-js/dist/esnext/schemes/urn-uuid.js","868","fd829e7e12b768a1597b7db0a29fafaf605a1e502287a15cf1e944ae2fae480b","js"
"backend/services/order-service/node_modules/uri-js/dist/esnext/schemes/urn-uuid.js.map","832","c7adb974e89e5e7d26b1cc707091e4b3699b0688fdf62e1cc1ad10cd1c8f1d99","map"
"backend/services/order-service/node_modules/uri-js/dist/esnext/schemes/urn.d.ts","324","194cb9f3791f6f2730d87b75f2aa8170c45fa9d28fe6039718444309ca018a79","ts"
"backend/services/order-service/node_modules/uri-js/dist/esnext/schemes/urn.js","2050","e1f8d0242c7db8c21f485344c99b0409e942fd497f5c1279035c5bb7148d1f76","js"
"backend/services/order-service/node_modules/uri-js/dist/esnext/schemes/urn.js.map","1939","f04a5a6ff306aeaba4a2c5e305d65537d20663ffa8a62cf25b14a401de43c3d9","map"
"backend/services/order-service/node_modules/uri-js/dist/esnext/schemes/ws.d.ts","228","adbc8a76d80bd6b5e145c6b1f1b7bd01f8dfb4996ca298f71a46d7b3c69881ff","ts"
"backend/services/order-service/node_modules/uri-js/dist/esnext/schemes/ws.js","1659","00bdd2f3bfdb71165fe98951635769542f2a441ad8a688c7b106721dab75c529","js"
"backend/services/order-service/node_modules/uri-js/dist/esnext/schemes/ws.js.map","1610","8e167f6149a6063535f048410bc38a51fdc5aa50ca38aec59618570aa8742cba","map"
"backend/services/order-service/node_modules/uri-js/dist/esnext/schemes/wss.d.ts","108","fb2f19ae967742423ded567ffc411b2c947a47813750a745e3de5fe3edf8a878","ts"
"backend/services/order-service/node_modules/uri-js/dist/esnext/schemes/wss.js","198","4d2644c6dadc31e5d6b46be379c205d2b047acd6d2fe3ec346371257e6958a03","js"
"backend/services/order-service/node_modules/uri-js/dist/esnext/schemes/wss.js.map","307","78a4eb31ad5e4676472ea896f4aa662e429f2452b2732b6ea10ddf046cde4d5f","map"
"backend/services/order-service/node_modules/util-deprecate/browser.js","1614","abaef53ebcdc98f3655331f834986a2d11b6a824f58d670369669246d1b7b69b","js"
"backend/services/order-service/node_modules/util-deprecate/History.md","282","ab183ff93d075137547f9d96938185f2cd4b29ba1f4e28b29e6fbd573255968d","md"
"backend/services/order-service/node_modules/util-deprecate/LICENSE","1102","0154425673db15cdfa80ecba2c9b1f1a867f7197a006764712849bfc3a93cbb7","unknown"
"backend/services/order-service/node_modules/util-deprecate/node.js","123","9a86a29fa34a99b861e707345fb1d1e2e55a6c23edb8f992bed57cc607f42d8e","js"
"backend/services/order-service/node_modules/util-deprecate/package.json","694","7bba467f049074957e693fc06672848b040c38fa071b6eed8690f5fbe090a8b2","json"
"backend/services/order-service/node_modules/util-deprecate/README.md","1666","d30a5eca847bc6edc7b9723884def8942a66f89d12a5735dc22d1ee1216ff2ea","md"
"backend/services/order-service/node_modules/utils-merge/.npmignore","79","3841a300f5ce46d39aba5e9e221b3c90d518612606930e8103f3c9ae7e784c0d","npmignore"
"backend/services/order-service/node_modules/utils-merge/index.js","381","ec62860d6445addffd574f640451ea92e0558b6df793b2e0f1c7175fc2ff6366","js"
"backend/services/order-service/node_modules/utils-merge/LICENSE","1084","6e7d699cdd1e4fa837ba7718ea49841aa67201b449ea8b3f9cf274be15974a64","unknown"
"backend/services/order-service/node_modules/utils-merge/package.json","857","6238e6d7e2fddd3e4826014b4e69cb20d332b472999728a7157db454c69121b8","json"
"backend/services/order-service/node_modules/utils-merge/README.md","1319","f6672db98c83976565016569515c4fe33d8d9f0ea1f41044fcb1c91b1155fda8","md"
"backend/services/order-service/node_modules/uuid/CHANGELOG.md","16207","2ef64bae4c4469d3960fc3b4440b9d5fd003e4343fa01fdb6886b63dde18c241","md"
"backend/services/order-service/node_modules/uuid/CONTRIBUTING.md","513","99b5cc0a56af12be90a669fdffc9f5a721236d2ede0d92e1171bb7097dd9fdd7","md"
"backend/services/order-service/node_modules/uuid/LICENSE.md","1109","beaa6b04fb82e41dd2ad679e19e27953afb5999b1abbb455b6564e78ebfeb332","md"
"backend/services/order-service/node_modules/uuid/package.json","4539","b7cdc05041c5e9bfe240b225e9af79d7f7fad536368d9e582e33f7afedec9abd","json"
"backend/services/order-service/node_modules/uuid/README.md","16971","2db87a6a66167083ee1e6df30897867ed35ca4e170ce343e02d37b36ca8bd7fa","md"
"backend/services/order-service/node_modules/uuid/wrapper.mjs","323","f6835608d7c4b422bb11ab4689bcf91e166ecbbd63aa3fa2b83c448835cd80a5","mjs"
"backend/services/order-service/node_modules/uuid/dist/index.js","1765","21f90a4f2f933cdbe9e3afe9274b299a4ceb09fe1d47d513d1a3b7a93d76b1d0","js"
"backend/services/order-service/node_modules/uuid/dist/md5-browser.js","7015","21a4e167b7ae498e8f3778bac8d7330929099006afca6adfe76b626e0e41d795","js"
"backend/services/order-service/node_modules/uuid/dist/md5.js","550","6ca6276ff35f19ea462bb8c9d6d290994fa9980fc775deb741811ef947196ced","js"
"backend/services/order-service/node_modules/uuid/dist/native-browser.js","271","1574cfc6e8eae48b4ace082086f210e790849788e38f0787095f3c2b2aba1755","js"
"backend/services/order-service/node_modules/uuid/dist/native.js","350","006f218c1c0450ba06917adc2fe7b35f89985b0a7e3d7be9eecdf35d2319b25b","js"
"backend/services/order-service/node_modules/uuid/dist/nil.js","188","7395bd919bd1309bcbced245a59dfc6b077f97992a482af2537343e558795b1f","js"
"backend/services/order-service/node_modules/uuid/dist/parse.js","1380","1a87ed6a6bb0a3edbe266ca55aaf1c5af8e963ee9486f74b59cfd615280b21b4","js"
"backend/services/order-service/node_modules/uuid/dist/regex.js","267","acc4c54d987f100093097f4f156ff245394c39d1332eb2114d7e40db00bd6ddd","js"
"backend/services/order-service/node_modules/uuid/dist/rng-browser.js","927","4e0f06e51bf0abb18bc2ef780cec71c15eaa5d9a2238a1449b4f19b67bfbc4dd","js"
"backend/services/order-service/node_modules/uuid/dist/rng.js","549","fdde4350fc69c07bfed4178eedf6121a56264744207d9f5c8f3e5b1b913dbb06","js"
"backend/services/order-service/node_modules/uuid/dist/sha1-browser.js","2609","32982388b377b06298f59db97c98077f06e6b4f29fe284d427195a358a72f19e","js"
"backend/services/order-service/node_modules/uuid/dist/sha1.js","553","a9eda407444a3f68a0a4db0373346df18f583abbde2c4bf2b3fbc6d73be2c75e","js"
"backend/services/order-service/node_modules/uuid/dist/stringify.js","1779","6be33f7aa42be82a7e9d3c58a4cbbd345ee2876aade92b8ec65889732db2e6a2","js"
"backend/services/order-service/node_modules/uuid/dist/uuid-bin.js","2030","7c60635cf5a963da72e35292bcbfa7f7221b08374d69d75103fa82da9d950102","js"
"backend/services/order-service/node_modules/uuid/dist/v1.js","3602","86f6dc1a1556a9eddad07231c2a4f13e0ad4b6ff964a04d06866f07e36067002","js"
"backend/services/order-service/node_modules/uuid/dist/v3.js","414","95e0c6fa204355c6ef7dbac5720a3ef5239454ed6820674dfcc143a55ea6c459","js"
"backend/services/order-service/node_modules/uuid/dist/v35.js","2076","b8a86ffceb3f1224c2b75b29930215ea590464a257b27ae5d1c867fdae6ff601","js"
"backend/services/order-service/node_modules/uuid/dist/v4.js","1009","daadf958ab1e8d7e7b371b22d73539aa85f51a4d7970e502025e2100aecbf07b","js"
"backend/services/order-service/node_modules/uuid/dist/v5.js","417","d15c31975f31b9abf6a195e70a3dca0843a9257cb51b49214cf7a9f4ed30fc5a","js"
"backend/services/order-service/node_modules/uuid/dist/validate.js","410","5497d9adffd73474cf379d3e1b76b28698e408124a0726d54e88282500378502","js"
"backend/services/order-service/node_modules/uuid/dist/version.js","474","2e69a54d05ef1342b6fe0a2b7fcdb446179db34ea38aa02c17ae0e1f211a55e4","js"
"backend/services/order-service/node_modules/uuid/dist/bin/uuid","44","30b5422b6c95ccdc402effd7d3354ca6a6bce621cf21d0379749ddf1f96c1ad7","unknown"
"backend/services/order-service/node_modules/uuid/dist/commonjs-browser/index.js","1792","589bea76055fe07e218665bdaab3b64c3bf933ba8b220b74176fdb715f22eca7","js"
"backend/services/order-service/node_modules/uuid/dist/commonjs-browser/md5.js","7015","21a4e167b7ae498e8f3778bac8d7330929099006afca6adfe76b626e0e41d795","js"
"backend/services/order-service/node_modules/uuid/dist/commonjs-browser/native.js","271","1574cfc6e8eae48b4ace082086f210e790849788e38f0787095f3c2b2aba1755","js"
"backend/services/order-service/node_modules/uuid/dist/commonjs-browser/nil.js","188","7395bd919bd1309bcbced245a59dfc6b077f97992a482af2537343e558795b1f","js"
"backend/services/order-service/node_modules/uuid/dist/commonjs-browser/parse.js","1380","1a87ed6a6bb0a3edbe266ca55aaf1c5af8e963ee9486f74b59cfd615280b21b4","js"
"backend/services/order-service/node_modules/uuid/dist/commonjs-browser/regex.js","267","acc4c54d987f100093097f4f156ff245394c39d1332eb2114d7e40db00bd6ddd","js"
"backend/services/order-service/node_modules/uuid/dist/commonjs-browser/rng.js","927","4e0f06e51bf0abb18bc2ef780cec71c15eaa5d9a2238a1449b4f19b67bfbc4dd","js"
"backend/services/order-service/node_modules/uuid/dist/commonjs-browser/sha1.js","2609","32982388b377b06298f59db97c98077f06e6b4f29fe284d427195a358a72f19e","js"
"backend/services/order-service/node_modules/uuid/dist/commonjs-browser/stringify.js","1779","6be33f7aa42be82a7e9d3c58a4cbbd345ee2876aade92b8ec65889732db2e6a2","js"
"backend/services/order-service/node_modules/uuid/dist/commonjs-browser/v1.js","3602","86f6dc1a1556a9eddad07231c2a4f13e0ad4b6ff964a04d06866f07e36067002","js"
"backend/services/order-service/node_modules/uuid/dist/commonjs-browser/v3.js","414","95e0c6fa204355c6ef7dbac5720a3ef5239454ed6820674dfcc143a55ea6c459","js"
"backend/services/order-service/node_modules/uuid/dist/commonjs-browser/v35.js","2076","b8a86ffceb3f1224c2b75b29930215ea590464a257b27ae5d1c867fdae6ff601","js"
"backend/services/order-service/node_modules/uuid/dist/commonjs-browser/v4.js","1009","daadf958ab1e8d7e7b371b22d73539aa85f51a4d7970e502025e2100aecbf07b","js"
"backend/services/order-service/node_modules/uuid/dist/commonjs-browser/v5.js","417","d15c31975f31b9abf6a195e70a3dca0843a9257cb51b49214cf7a9f4ed30fc5a","js"
"backend/services/order-service/node_modules/uuid/dist/commonjs-browser/validate.js","410","5497d9adffd73474cf379d3e1b76b28698e408124a0726d54e88282500378502","js"
"backend/services/order-service/node_modules/uuid/dist/commonjs-browser/version.js","474","2e69a54d05ef1342b6fe0a2b7fcdb446179db34ea38aa02c17ae0e1f211a55e4","js"
"backend/services/order-service/node_modules/uuid/dist/esm-browser/index.js","412","3efb8df8c64379c5acbaf0b70ce1a1906375f4b53901b7e90a26863ead50fc30","js"
"backend/services/order-service/node_modules/uuid/dist/esm-browser/md5.js","6880","12a4bafe189f2e03229d5c94b07eb302b7a4e2962028f8deebf788f9615faa9a","js"
"backend/services/order-service/node_modules/uuid/dist/esm-browser/native.js","137","9211342ab52f7343940969e2c41acedee86cc69eed23f00fd42b7719a59e647d","js"
"backend/services/order-service/node_modules/uuid/dist/esm-browser/nil.js","54","40036d4ffe78154827eedb9c1b3f59f660722907389725842bbc178ba28d2241","js"
"backend/services/order-service/node_modules/uuid/dist/esm-browser/parse.js","1106","2743e5b696fb15df389cf3b1a242e56780f7941bbefc23465529d30e851b80f5","js"
"backend/services/order-service/node_modules/uuid/dist/esm-browser/regex.js","133","9a546763c108d7eeb7283ce26c7a6845a44bd67132005eb32fd1feeca49d1b3f","js"
"backend/services/order-service/node_modules/uuid/dist/esm-browser/rng.js","838","51bd585bb48b66ce343491cae4e8bfc00fe8b0bf06563e9b5269fff425476c19","js"
"backend/services/order-service/node_modules/uuid/dist/esm-browser/sha1.js","2474","7d8a194d59e49d1e2defd043e0e4f5d842db1b4b9ad92a1c9afbe3df656f363a","js"
"backend/services/order-service/node_modules/uuid/dist/esm-browser/stringify.js","1469","0bfd3bddee14261e972a3eb1095b98fdee129baa02c923cecc6d66c8e3a0286f","js"
"backend/services/order-service/node_modules/uuid/dist/esm-browser/v1.js","3322","66a06976b26b6908ee7a9fb747d7a4f71eced2b6cfa8830ab68e204ffceeab1e","js"
"backend/services/order-service/node_modules/uuid/dist/esm-browser/v3.js","107","65b963f24922d433fdc592aa4e2764d10fad59351015bbe5fce0830fe389794a","js"
"backend/services/order-service/node_modules/uuid/dist/esm-browser/v35.js","1776","18ddc96a809c95713fd33d648415081d8d1c467c0d2fbbe690c13d90c7673643","js"
"backend/services/order-service/node_modules/uuid/dist/esm-browser/v4.js","680","ec62b312aa385dbc8688953daf0a0ef430537702fd435772c6c7f7176431a6ba","js"
"backend/services/order-service/node_modules/uuid/dist/esm-browser/v5.js","110","e9e8d82440c23fc3de56f8acd5a15b1ca2daad6bf6d2e7c4a4b39d04384206d3","js"
"backend/services/order-service/node_modules/uuid/dist/esm-browser/validate.js","141","4a782f41298704c0029c245203430b3e4511365bf05a3addacdbae59d9c664fa","js"
"backend/services/order-service/node_modules/uuid/dist/esm-browser/version.js","200","48305d584aad6bdfd12435f20694e45d5e3996a932e2dd2e63e9204c7bfc5766","js"
"backend/services/order-service/node_modules/uuid/dist/esm-node/index.js","412","3efb8df8c64379c5acbaf0b70ce1a1906375f4b53901b7e90a26863ead50fc30","js"
"backend/services/order-service/node_modules/uuid/dist/esm-node/md5.js","281","2313329bf3ada8cd17046afeefa761bd7daa3821e140fc55d8c2b94ee7760ed4","js"
"backend/services/order-service/node_modules/uuid/dist/esm-node/native.js","80","ebe73dc7e111014c544e7a2b1f0bdacaa4640c7d30e724766f9720fd68c93ebb","js"
"backend/services/order-service/node_modules/uuid/dist/esm-node/nil.js","54","40036d4ffe78154827eedb9c1b3f59f660722907389725842bbc178ba28d2241","js"
"backend/services/order-service/node_modules/uuid/dist/esm-node/parse.js","1106","2743e5b696fb15df389cf3b1a242e56780f7941bbefc23465529d30e851b80f5","js"
"backend/services/order-service/node_modules/uuid/dist/esm-node/regex.js","133","9a546763c108d7eeb7283ce26c7a6845a44bd67132005eb32fd1feeca49d1b3f","js"
"backend/services/order-service/node_modules/uuid/dist/esm-node/rng.js","323","ff667aff9367a48cc713d36764cea05bd30e8ba05392430571c54734fc9fde03","js"
"backend/services/order-service/node_modules/uuid/dist/esm-node/sha1.js","284","6094b056716c8a37b9f2da365d6c8a17f754543d966411d01dfebd762c94547e","js"
"backend/services/order-service/node_modules/uuid/dist/esm-node/stringify.js","1469","0bfd3bddee14261e972a3eb1095b98fdee129baa02c923cecc6d66c8e3a0286f","js"
"backend/services/order-service/node_modules/uuid/dist/esm-node/v1.js","3322","66a06976b26b6908ee7a9fb747d7a4f71eced2b6cfa8830ab68e204ffceeab1e","js"
"backend/services/order-service/node_modules/uuid/dist/esm-node/v3.js","107","65b963f24922d433fdc592aa4e2764d10fad59351015bbe5fce0830fe389794a","js"
"backend/services/order-service/node_modules/uuid/dist/esm-node/v35.js","1776","18ddc96a809c95713fd33d648415081d8d1c467c0d2fbbe690c13d90c7673643","js"
"backend/services/order-service/node_modules/uuid/dist/esm-node/v4.js","680","ec62b312aa385dbc8688953daf0a0ef430537702fd435772c6c7f7176431a6ba","js"
"backend/services/order-service/node_modules/uuid/dist/esm-node/v5.js","110","e9e8d82440c23fc3de56f8acd5a15b1ca2daad6bf6d2e7c4a4b39d04384206d3","js"
"backend/services/order-service/node_modules/uuid/dist/esm-node/validate.js","141","4a782f41298704c0029c245203430b3e4511365bf05a3addacdbae59d9c664fa","js"
"backend/services/order-service/node_modules/uuid/dist/esm-node/version.js","200","48305d584aad6bdfd12435f20694e45d5e3996a932e2dd2e63e9204c7bfc5766","js"
"backend/services/order-service/node_modules/vary/HISTORY.md","792","273b0ea4abb4c7357db4eed63e84f7a283847ed0165d041b25be37071284d7e5","md"
"backend/services/order-service/node_modules/vary/index.js","2930","8e40311960636d40473c57e335bbca115036766bf150df296b941256432ab410","js"
"backend/services/order-service/node_modules/vary/LICENSE","1094","bd47ce7b88c7759630d1e2b9fcfa170a0f1fde522be09e13fb1581a79d090400","unknown"
"backend/services/order-service/node_modules/vary/package.json","1215","73edaee964d527117a9f69d6360fbe6cec534abd9127794be01a6af58a139daa","json"
"backend/services/order-service/node_modules/vary/README.md","2716","03444f916ddb9a1c692c329f88b83b1a21d016dce46656091f21e903109dd65c","md"
"backend/services/order-service/node_modules/which/CHANGELOG.md","2667","89bc599ca0b3a119d711c62855b2e3619b734bf371ef55dcc049454313f9904e","md"
"backend/services/order-service/node_modules/which/LICENSE","765","4ec3d4c66cd87f5c8d8ad911b10f99bf27cb00cdfcff82621956e379186b016b","unknown"
"backend/services/order-service/node_modules/which/package.json","1043","43010039ed5e89f7186960be682b3cb5cda5ab6cdfb06cbfd4f081cf0e7b4260","json"
"backend/services/order-service/node_modules/which/README.md","1352","0c91f714f46006bc9a543e629a3ce3b63700fa8cfbe7c6310a0bcff2738356dd","md"
"backend/services/order-service/node_modules/which/which.js","3163","76845e1fe7851267fb7ee72b18f2d916996d330150e31e48f4657a79e9b46b5b","js"
"backend/services/order-service/node_modules/which/bin/node-which","985","055f0ac4eed1a1591d033d59462972968bf3483b4cc07e163589569c0fb999f0","unknown"
"backend/services/order-service/node_modules/winston/index.d.ts","5512","cd11655f57a3558dfcee05a6e78c026f9dfd30535eaf124439c5e88a5617359b","ts"
"backend/services/order-service/node_modules/winston/LICENSE","1058","e61f2ace04e689d21ba1a7bc54d933bcb6e35ebeb887fb5831b880be5de192a7","unknown"
"backend/services/order-service/node_modules/winston/package.json","1866","f96cc6b8da151f7237b2fe38629ed06f55b7f230b281a70ddfa128e1b2648e6c","json"
"backend/services/order-service/node_modules/winston/README.md","36669","a4ef15f922645357d279763a1d0d3b5bd13a90d2d0b0e2d90f86642e817aa239","md"
"backend/services/order-service/node_modules/winston/dist/winston.js","4693","db786424a9825636e51618e59ee8668f341ccd1043f5d6275c711abfe2d488ad","js"
"backend/services/order-service/node_modules/winston/dist/winston/common.js","1129","d175150fc48fce2a7b5270b7f23b2c91a9fdbbf04ad958f67fa9e1bce5fb5fdb","js"
"backend/services/order-service/node_modules/winston/dist/winston/container.js","5306","a53937004e4d0cf56802c9f82cb98e399f7bb896070406fb6b5b37fc20733646","js"
"backend/services/order-service/node_modules/winston/dist/winston/create-logger.js","6430","94d7500d812df3a4bc3918f08e7335e6185487cb4f4e4fe90e240cd7a5efc996","js"
"backend/services/order-service/node_modules/winston/dist/winston/exception-handler.js","9329","6f013b143f902b828541a5e7f31746c4e2f4803dcad0c08a2445548b99b7345a","js"
"backend/services/order-service/node_modules/winston/dist/winston/exception-stream.js","4657","56fcd398f946d7a54f6c03cdc02a71bd0537c0e7d35881d9b18cac3dab7d7085","js"
"backend/services/order-service/node_modules/winston/dist/winston/logger.js","26874","0d518854dc2de6cd303cb937a62813212b6724fa4b44c4c6d62477535d2c47eb","js"
"backend/services/order-service/node_modules/winston/dist/winston/profiler.js","2984","0107517e3f985295b88f8c55007380bb78ab656bc04e7b834301f1dfcbaa17ba","js"
"backend/services/order-service/node_modules/winston/dist/winston/rejection-handler.js","9339","6c1f617c9f6124439cb8cd4d94c6564ab71f2916ba0640d8b5e4cf05d77576d7","js"
"backend/services/order-service/node_modules/winston/dist/winston/rejection-stream.js","4503","2efecec68972723568589720c5088deefa4168b41ef73445a6070e46f4b960bc","js"
"backend/services/order-service/node_modules/winston/dist/winston/tail-file.js","2757","da1f7725c85249f3c26a1b2327bdae45914a7f51fbd608a9a9b8be320c2d3f1e","js"
"backend/services/order-service/node_modules/winston/dist/winston/config/index.js","698","69ca121d3c9a7c9a02439c40943dee805885fd0d83fcbb23d51056cc5dd1a105","js"
"backend/services/order-service/node_modules/winston/dist/winston/transports/console.js","7314","08dabd7e62497b41b918d759977295df14d0d454dbfa1d69eb11cda2d81725e0","js"
"backend/services/order-service/node_modules/winston/dist/winston/transports/file.js","28868","977c0bdedec4a44054f45bf028a60961c2f513015474c5577d5644e7ea393099","js"
"backend/services/order-service/node_modules/winston/dist/winston/transports/http.js","12801","a02e10802ed5232429cc3fc1583cbb4a3ec1f66b4ecf71f2b6bc74ecd39d889c","js"
"backend/services/order-service/node_modules/winston/dist/winston/transports/index.js","964","7bf3ad6963f5e04f7207d0ba9c38be71ed44c5bed5f8b8afd324cc1c85e0904a","js"
"backend/services/order-service/node_modules/winston/dist/winston/transports/stream.js","5059","3e8c738365a475a2a5c790b83fb16810d81ebed38338321322ac182a461e5612","js"
"backend/services/order-service/node_modules/winston/lib/winston.js","4595","25dd9351a2ee791b3ec12fbb8cd92a03ac132878462c417a8c8adc5d1d2e3d0e","js"
"backend/services/order-service/node_modules/winston/lib/winston/common.js","1016","3128a8cd8f1a0df64a55d82a7690713992ee94bb3c1abcd11d2e441246dc47cc","js"
"backend/services/order-service/node_modules/winston/lib/winston/container.js","3361","afcb1979fe812c2050f9002d2b16cf4fbc9eaf3dfdd940f132f1557b69929b2f","js"
"backend/services/order-service/node_modules/winston/lib/winston/create-logger.js","3140","7b2a560178a1ee39ec06c64eb8a47e4b00386b321e808c08bc12fc6b95b6ba8b","js"
"backend/services/order-service/node_modules/winston/lib/winston/exception-handler.js","6909","e0f0ced5f5dbc16b170e66dd8fe621536fa48fd912fe35b51d7f534e246e748b","js"
"backend/services/order-service/node_modules/winston/lib/winston/exception-stream.js","1506","98450a1d37502c8d14ee4764fccef92e21b5234c8d3af1c4e70882435cde0aa8","js"
"backend/services/order-service/node_modules/winston/lib/winston/logger.js","20521","cacf975c23aac70fbf476fba548691762f2c08f9b6f347845979558c830257b6","js"
"backend/services/order-service/node_modules/winston/lib/winston/profiler.js","1418","651b7b4b9eecc8370f0090d1646d8925b135d71ef54c6c99fb285e59d3fb4aaf","js"
"backend/services/order-service/node_modules/winston/lib/winston/rejection-handler.js","6982","f898b5b623fcacf16c237b5313df3117f5ae3a0cddab78de83620313913a5afc","js"
"backend/services/order-service/node_modules/winston/lib/winston/rejection-stream.js","1353","915b1eeab99353e1c867d3a86497d73c35878a4c5260745aea43d02b1adbbacb","js"
"backend/services/order-service/node_modules/winston/lib/winston/tail-file.js","2700","feec1ac4dca6aac8215257cadc72ac9a19be6f398148281de99965ec63f006fc","js"
"backend/services/order-service/node_modules/winston/lib/winston/config/index.d.ts","2453","35d283eca7dc0a0c7b099f5fbbf0678b87f3d837572cd5e539ba297ad9837e68","ts"
"backend/services/order-service/node_modules/winston/lib/winston/config/index.js","676","c5dd42e324ab0ee73441595847a5fa033435065a8ee8d73fdd309fb3423b9005","js"
"backend/services/order-service/node_modules/winston/lib/winston/transports/console.js","3842","b84c1e9d2612ca2ac6f3004fe5b005f981e3402598faa235ec491cbe33ec71b7","js"
"backend/services/order-service/node_modules/winston/lib/winston/transports/file.js","22209","a5446aef2a2c819f00903aafca088a149d05986210239f923d8e7e4e8474a230","js"
"backend/services/order-service/node_modules/winston/lib/winston/transports/http.js","7733","0c1d4b3b258bde72633a3c104b91e52cc12850ebcf4b0d9d0c048b1868105dcb","js"
"backend/services/order-service/node_modules/winston/lib/winston/transports/index.d.ts","2975","1c8384a195a2d931cf6e2b8f656acf558ca649a3f74922d86b95889f49a7f7c5","ts"
"backend/services/order-service/node_modules/winston/lib/winston/transports/index.js","909","189ec9af45604bfd5d1b29131abb3fd18c94586457be426208d91ad92a8efaea","js"
"backend/services/order-service/node_modules/winston/lib/winston/transports/stream.js","1785","67ca5af0eb948c9c7b12ff1a1055da51ef4a57bcb0103917ef3d8cd6edfada3a","js"
"backend/services/order-service/node_modules/winston-transport/.babelrc","25","3a1e2be84f53d97e76afc253a86ef88b4c3381ee6e86ca274537a883a8c4ea8b","babelrc"
"backend/services/order-service/node_modules/winston-transport/.eslintrc","156","26faaaa537aee994d3ade948c042dbf72cd4a01afb25d5504e332761d2a9e415","eslintrc"
"backend/services/order-service/node_modules/winston-transport/.gitattributes","25","9c484c9037fb96d538ef81f91ea1e3d54555ffd9cc708cc9d578b86263f04d32","gitattributes"
"backend/services/order-service/node_modules/winston-transport/CHANGELOG.md","4236","092cb42f94a2272137db52770b22d4c0204048a10fa47318978bd3bb0f4c7fc7","md"
"backend/services/order-service/node_modules/winston-transport/index.d.ts","1080","d8b8a5a6bf623239d5374ad4a7ff6f3b195ab5ee61293f59f1957e90d2a22809","ts"
"backend/services/order-service/node_modules/winston-transport/index.js","188","9b691f946030330f8227f09cbec6df0c5b1b686642a829794e37252079b28d7b","js"
"backend/services/order-service/node_modules/winston-transport/legacy.js","3842","4e9d8897f8df99b07973c38953ebf76a2ac5519638104871b7fcf51274a39ce4","js"
"backend/services/order-service/node_modules/winston-transport/LICENSE","1103","9108281e9d40182f550b7330b3928f2d82fde8cf213a9e95f565df60bdf417c6","unknown"
"backend/services/order-service/node_modules/winston-transport/modern.js","6910","46113d9fd93016226787801a9522d1a5eaf80b180614089ec5305c4881f5f717","js"
"backend/services/order-service/node_modules/winston-transport/package.json","1511","212ebeebb9f3f301a77fe581c1c367ef9d70ec8b3d7c46593010b2fd2e89bda1","json"
"backend/services/order-service/node_modules/winston-transport/README.md","1065","9270c028d37193ed32cfdc0f06e99f3a4616e44dff8a5ef59ea60fc9d67fac00","md"
"backend/services/order-service/node_modules/winston-transport/.nyc_output/68e78020-c804-4f37-a68a-a967c6380da9.json","22389","96ac44cfcb42b30c5732409994640154aef54b391cd66041780666c0ba316391","json"
"backend/services/order-service/node_modules/winston-transport/.nyc_output/processinfo/68e78020-c804-4f37-a68a-a967c6380da9.json","600","f83e0f6253bb5d5ce0fc4cd5fb88891fc9d065befdd22471044993d6edd6649c","json"
"backend/services/order-service/node_modules/winston-transport/.nyc_output/processinfo/index.json","359","fb884ea4e6d721372dfa63341e66fbccbcb9c05e9f8dc7c2c12cf7f0815007aa","json"
"backend/services/order-service/node_modules/winston-transport/dist/index.js","188","1b56c72e513d8cbd4450a8e98c8035b8afa73024cdfa87309427422ff1105e8a","js"
"backend/services/order-service/node_modules/winston-transport/dist/legacy.js","3885","edfe7c4798df5bbe1361d1f87159afbacc1456122e5090ea0a5517b47fddf521","js"
"backend/services/order-service/node_modules/winston-transport/dist/modern.js","7033","99ae505146fca38b172d52006d015fcad8ce240697eda3b3d08a073b5d56dc5b","js"
"backend/services/order-service/node_modules/word-wrap/index.d.ts","1243","14e27c8804ce2fe36fe1cfdbea2c0625cb97f4c20394fa9973567fb09cc03406","ts"
"backend/services/order-service/node_modules/word-wrap/index.js","1455","10fa705ebcff5c8e724c457f9a94eff8f795cf09938c941debdd18df5fcd0309","js"
"backend/services/order-service/node_modules/word-wrap/LICENSE","1087","73b5283588baa142c5baaef5f56d3e8fdea7a30b214e8c5737e87640f882453a","unknown"
"backend/services/order-service/node_modules/word-wrap/package.json","1724","917ace72e6293d7bc27ce908ed87f59526c05438930afcdf04462845e103fb94","json"
"backend/services/order-service/node_modules/word-wrap/README.md","6336","cb6f495a5eeabb9782560a308d9ec8bb09f59992562e74f664a648622615dcd4","md"
"backend/services/order-service/node_modules/wrappy/LICENSE","765","4ec3d4c66cd87f5c8d8ad911b10f99bf27cb00cdfcff82621956e379186b016b","unknown"
"backend/services/order-service/node_modules/wrappy/package.json","606","712ac9c4c3cef8bc79f42cf6075ff18551f4cb768f35158214fd643853ad7abc","json"
"backend/services/order-service/node_modules/wrappy/README.md","685","0d2537e86a9e5ae85d8e53910d779895179035c9daa35555874ec19f1225c224","md"
"backend/services/order-service/node_modules/wrappy/wrappy.js","905","153453c4d84a3c2f13589c37055a7daff61d48475dcce554f7eedad15fc7b3e5","js"
"backend/services/order-service/node_modules/yocto-queue/index.d.ts","1140","9ba5c1dff380f1823bfcb5101ecf92221377ead0e7c99f8c5d0d9a2d18886e60","ts"
"backend/services/order-service/node_modules/yocto-queue/index.js","949","03423d2c5abaa4c0c64eac47cc67f29cb7c7ed716393aad5b10ccfd27e947949","js"
"backend/services/order-service/node_modules/yocto-queue/license","1117","5c932d88256b4ab958f64a856fa48e8bd1f55bc1d96b8149c65689e0c61789d3","unknown"
"backend/services/order-service/node_modules/yocto-queue/package.json","725","e94d571d03c65c94eab2216f4fde773918a152d5d36e5672e1f5c158ff6ac42d","json"
"backend/services/order-service/node_modules/yocto-queue/readme.md","2096","adf5a71d52fc4fabb51c09aa67d58f8f61baa138c6d0705b1a805958f0c584a5","md"
"backend/services/order-service/src/index.ts","11562","0128890461a17c73c1235111924bda03412608de25fee5bc27917fb2581f7519","ts"
"backend/services/order-service/src/utils/logger.ts","1014","0b833d8f03300f79d89b44f6b2e0d62af504e785abe8b6faf933ee76fe87ceab","ts"
